0.091316
0.104108
0.117732
0.119544
0.115025
0.132913
0.149627
0.159478
0.148901
0.162913
0.191783
0.187821
0.217211
0.240194
0.230254
0.265619
0.297487
0.334158
0.351700
0.379114
0.408366
0.450297
0.483415
0.558006
0.580431
0.647796
0.703305
0.785677
0.851986
0.922689
1.000281
1.100137
1.178252
1.292486
1.335838
1.448902
1.517788
1.619352
1.697836
1.794426
1.898009
2.040930
1.891851
0.496721
0.449824
0.414048
0.387745
0.340689
0.320846
0.291861
0.270654
0.255796
0.239791
0.227816
0.207069
0.196344
0.181668
0.169468
0.159842
0.147855
0.138851
