1.000000
0.995733
0.994824
0.979367
1.000254
0.994735
0.984257
0.979097
0.980568
0.993828
0.985364
0.978639
0.989998
0.961106
0.987859
0.967758
0.965771
0.941226
0.936986
0.923077
0.917926
0.902348
0.899654
0.856284
0.859513
0.819953
0.801144
0.739870
0.708121
0.677749
0.634620
0.585261
0.539902
0.490671
0.469048
0.420602
0.389650
0.351290
0.320015
0.283348
0.253032
0.237527
0.214253
0.610074
0.624880
0.638094
0.630606
0.659026
0.656746
0.658038
0.671171
0.668632
0.679507
0.671279
0.671751
0.679557
0.666978
0.686632
0.675458
0.683591
0.689589
