1.000000
0.993921
0.994093
0.981964
0.994858
0.986535
0.982469
0.974044
0.973004
0.992313
0.971962
0.978005
0.984469
0.951303
0.979257
0.958841
0.955888
0.923186
0.919189
0.895662
0.896453
0.865117
0.862608
0.808094
0.799151
0.756537
0.718543
0.659141
0.623734
0.579326
0.528755
0.470644
0.420894
0.371307
0.344479
0.296410
0.264196
0.228884
0.199856
0.171538
0.148351
0.128720
0.128051
0.580963
0.593898
0.615582
0.617136
0.639697
0.641786
0.650856
0.661823
0.661418
0.666593
0.661880
0.665249
0.668527
0.665772
0.676553
0.670004
0.682514
0.678400
