0.065606
0.005697
0.073806
0.029197
0.071896
0.006208
0.066123
0.062592
0.073382
0.050507
0.035517
0.050171
0.017861
0.041360
0.075123
0.014118
0.018423
0.049356
0.016439
0.001609
0.005993
0.003303
0.018203
0.031760
0.021824
0.000221
0.014441
0.012880
0.011067
0.002028
0.000191
0.012175
0.004172
0.025762
0.008289
0.005001
0.010828
0.005018
0.014068
0.006243
0.005042
0.012325
0.037465
0.018521
0.022040
0.006283
0.022756
0.026789
0.003016
0.013529
0.014916
0.003344
0.005646
0.026319
0.000216
0.008594
0.001681
0.012372
0.007273
0.022946
0.035466
