0.006714
0.001399
0.002497
0.008680
0.005571
0.001422
0.003889
0.010522
0.009341
0.013004
0.004663
0.005235
0.016323
0.012784
0.022564
0.008717
0.014612
0.009554
0.001067
0.011440
0.008050
0.005141
0.019004
0.014213
0.012885
0.003229
0.004754
0.019718
0.004297
0.002220
0.000895
0.015996
0.019453
0.028461
0.019254
0.002704
0.015124
0.007313
0.009243
0.005328
0.012454
0.017275
0.119420
0.005708
0.003661
0.007809
0.009033
0.011293
0.001791
0.005403
0.013550
0.005663
0.007432
0.004768
0.004005
0.002762
0.009982
0.003346
0.008668
0.007818
0.000000
