0.004791
0.001078
0.000825
0.013978
0.007936
0.003395
0.006000
0.009846
0.006756
0.008586
0.002233
0.001975
0.012775
0.013115
0.018870
0.003454
0.007789
0.010286
0.005645
0.009507
0.001832
0.002939
0.013358
0.013093
0.018063
0.003088
0.017925
0.017622
0.010990
0.002530
0.001076
0.008852
0.012201
0.024635
0.017961
0.000576
0.019156
0.012379
0.017450
0.005631
0.020009
0.014556
0.008107
0.004583
0.006156
0.009673
0.015890
0.017065
0.004392
0.001105
0.012564
0.003558
0.015494
0.000442
0.002815
0.006133
0.014700
0.012384
0.005738
0.004793
0.012348
