0.001914
0.000320
0.001671
0.005372
0.002347
0.004800
0.002124
0.000682
0.002603
0.004380
0.006881
0.007224
0.003504
0.000335
0.003625
0.005245
0.006771
0.000740
0.004605
0.001951
0.009900
0.002209
0.005571
0.001134
0.005086
0.000141
0.012939
0.002134
0.006768
0.000310
0.000181
0.007207
0.007342
0.003922
0.001270
0.003278
0.003956
0.005003
0.008066
0.000305
0.007709
0.031374
0.110418
0.001120
0.009757
0.001845
0.006968
0.005675
0.002589
0.006515
0.000973
0.002098
0.007939
0.004328
0.001193
0.008841
0.004789
0.008928
0.002947
0.003011
0.012197
