0.066499
0.005536
0.072910
0.026443
0.070805
0.008632
0.064993
0.062954
0.072174
0.052580
0.039098
0.053583
0.016083
0.041186
0.076795
0.016693
0.014992
0.048968
0.014107
0.002588
0.010877
0.002200
0.020926
0.032346
0.019327
0.000291
0.008003
0.013962
0.007663
0.002183
0.000281
0.015843
0.007878
0.027780
0.008918
0.006652
0.008866
0.002519
0.010068
0.006394
0.001191
0.028589
0.086574
0.019070
0.017234
0.005365
0.019211
0.024016
0.001723
0.016727
0.015395
0.002293
0.009662
0.028547
0.000381
0.013082
0.000709
0.007934
0.005807
0.024413
0.029530
