1.000000
0.998180
0.999265
1.002652
0.994605
0.991756
0.998184
0.994839
0.992286
0.998475
0.986399
0.999352
0.994415
0.989800
0.991292
0.990786
0.989766
0.980833
0.981007
0.970301
0.976607
0.958740
0.958822
0.943721
0.929772
0.922659
0.896896
0.890888
0.880830
0.854779
0.833182
0.804161
0.779575
0.756733
0.734422
0.704730
0.678035
0.651554
0.624519
0.605398
0.586295
0.541915
0.597661
0.952283
0.950420
0.964719
0.978640
0.970670
0.977222
0.989086
0.986071
0.989212
0.980994
0.985997
0.990321
0.983769
0.998191
0.985322
0.991925
0.998425
0.983775
