0.579000 0.576641 0.574206 0.571713 0.569181 0.566630 0.564080 0.561552 0.559068 0.556648 0.554315 0.552090 0.549995 0.548050 0.546278 0.544698 0.543328
0.579000 0.579477 0.579913 0.580309 0.580665 0.580983 0.581264 0.581510 0.581723 0.581905 0.582060 0.582191 0.582303 0.582397 0.582480 0.582556 0.582628
0.579000 0.582313 0.585620 0.588905 0.592150 0.595337 0.598448 0.601468 0.604378 0.607162 0.609806 0.612293 0.614611 0.616744 0.618682 0.620414 0.621928
0.579000 0.579309 0.579658 0.580045 0.580470 0.580929 0.581421 0.581942 0.582489 0.583059 0.583646 0.584247 0.584857 0.585470 0.586081 0.586684 0.587275
0.579000 0.575992 0.572995 0.570025 0.567100 0.564239 0.561458 0.558773 0.556202 0.553759 0.551458 0.549314 0.547340 0.545548 0.543947 0.542548 0.541360
0.579000 0.579492 0.579941 0.580348 0.580718 0.581055 0.581364 0.581650 0.581919 0.582177 0.582432 0.582689 0.582956 0.583240 0.583550 0.583892 0.584273
0.579000 0.581904 0.584785 0.587623 0.590401 0.593102 0.595706 0.598199 0.600564 0.602786 0.604850 0.606743 0.608454 0.609971 0.611284 0.612386 0.613267
0.579000 0.580682 0.582435 0.584251 0.586121 0.588035 0.589985 0.591958 0.593944 0.595932 0.597910 0.599866 0.601787 0.603660 0.605473 0.607215 0.608871
0.579000 0.575304 0.571642 0.568031 0.564487 0.561027 0.557667 0.554423 0.551309 0.548341 0.545530 0.542889 0.540431 0.538166 0.536102 0.534249 0.532614
0.579000 0.577677 0.576296 0.574861 0.573377 0.571850 0.570286 0.568690 0.567071 0.565436 0.563791 0.562145 0.560507 0.558884 0.557285 0.555718 0.554193
0.579000 0.580443 0.581909 0.583389 0.584876 0.586362 0.587841 0.589305 0.590745 0.592155 0.593527 0.594855 0.596132 0.597350 0.598504 0.599588 0.600595
0.579000 0.577008 0.575001 0.572985 0.570966 0.568951 0.566944 0.564951 0.562978 0.561031 0.559116 0.557238 0.555402 0.553614 0.551878 0.550200 0.548584
0.579000 0.580635 0.582224 0.583761 0.585238 0.586649 0.587988 0.589251 0.590432 0.591527 0.592533 0.593446 0.594265 0.594987 0.595611 0.596137 0.596565
0.579000 0.579709 0.580494 0.581348 0.582265 0.583236 0.584253 0.585306 0.586385 0.587482 0.588584 0.589683 0.590766 0.591824 0.592845 0.593819 0.594736
0.579000 0.576339 0.573696 0.571084 0.568518 0.566011 0.563574 0.561221 0.558961 0.556806 0.554765 0.552846 0.551058 0.549407 0.547899 0.546539 0.545330
0.579000 0.578935 0.578792 0.578574 0.578289 0.577942 0.577542 0.577095 0.576611 0.576098 0.575565 0.575023 0.574480 0.573947 0.573433 0.572949 0.572504
0.579000 0.580479 0.581919 0.583313 0.584650 0.585922 0.587122 0.588242 0.589277 0.590220 0.591066 0.591812 0.592455 0.592991 0.593421 0.593742 0.593955
0.579000 0.580410 0.581850 0.583314 0.584794 0.586284 0.587775 0.589261 0.590732 0.592180 0.593598 0.594978 0.596311 0.597589 0.598804 0.599950 0.601020
0.579000 0.578998 0.579045 0.579142 0.579291 0.579493 0.579748 0.580055 0.580415 0.580825 0.581285 0.581790 0.582340 0.582929 0.583555 0.584212 0.584896
0.579000 0.578504 0.578014 0.577535 0.577071 0.576626 0.576205 0.575812 0.575450 0.575125 0.574838 0.574595 0.574398 0.574249 0.574153 0.574111 0.574124
0.579000 0.578745 0.578478 0.578199 0.577910 0.577612 0.577306 0.576995 0.576678 0.576359 0.576038 0.575718 0.575400 0.575085 0.574776 0.574475 0.574182
0.579000 0.578736 0.578466 0.578190 0.577911 0.577630 0.577351 0.577074 0.576803 0.576539 0.576285 0.576044 0.575816 0.575606 0.575415 0.575244 0.575097
0.579000 0.579100 0.579162 0.579183 0.579162 0.579099 0.578994 0.578846 0.578655 0.578422 0.578149 0.577836 0.577486 0.577101 0.576682 0.576234 0.575759
0.579000 0.579677 0.580370 0.581076 0.581789 0.582506 0.583220 0.583928 0.584624 0.585305 0.585965 0.586601 0.587207 0.587780 0.588317 0.588813 0.589266
0.579000 0.578600 0.578232 0.577894 0.577589 0.577317 0.577076 0.576869 0.576693 0.576548 0.576433 0.576348 0.576290 0.576258 0.576250 0.576264 0.576299
0.579000 0.579074 0.579148 0.579224 0.579301 0.579381 0.579463 0.579548 0.579635 0.579724 0.579815 0.579908 0.580001 0.580094 0.580185 0.580275 0.580362
0.579000 0.578893 0.578802 0.578732 0.578684 0.578663 0.578669 0.578705 0.578774 0.578876 0.579013 0.579186 0.579394 0.579637 0.579915 0.580227 0.580570
0.579000 0.578957 0.578874 0.578752 0.578596 0.578410 0.578197 0.577962 0.577711 0.577450 0.577184 0.576919 0.576662 0.576418 0.576194 0.575995 0.575828
0.579000 0.579243 0.579468 0.579672 0.579848 0.579991 0.580098 0.580164 0.580187 0.580164 0.580094 0.579975 0.579808 0.579593 0.579331 0.579025 0.578678
0.579000 0.579024 0.579082 0.579170 0.579287 0.579428 0.579590 0.579768 0.579958 0.580155 0.580355 0.580552 0.580742 0.580920 0.581083 0.581225 0.581345
0.579000 0.578925 0.578861 0.578811 0.578777 0.578759 0.578759 0.578776 0.578811 0.578861 0.578925 0.579001 0.579085 0.579175 0.579266 0.579355 0.579437
0.579000 0.578925 0.578854 0.578794 0.578748 0.578720 0.578716 0.578739 0.578794 0.578882 0.579006 0.579169 0.579371 0.579612 0.579893 0.580211 0.580564
0.579000 0.578856 0.578665 0.578431 0.578156 0.577847 0.577507 0.577143 0.576761 0.576370 0.575977 0.575589 0.575216 0.574864 0.574544 0.574263 0.574028
0.579000 0.579405 0.579775 0.580104 0.580385 0.580615 0.580788 0.580900 0.580949 0.580932 0.580848 0.580697 0.580479 0.580195 0.579849 0.579445 0.578989
0.579000 0.579279 0.579584 0.579912 0.580259 0.580621 0.580995 0.581376 0.581758 0.582136 0.582506 0.582861 0.583195 0.583504 0.583780 0.584019 0.584215
0.579000 0.579139 0.579287 0.579442 0.579604 0.579771 0.579944 0.580122 0.580306 0.580493 0.580686 0.580884 0.581086 0.581292 0.581503 0.581716 0.581932
0.579000 0.579189 0.579413 0.579667 0.579946 0.580245 0.580557 0.580876 0.581198 0.581518 0.581831 0.582133 0.582421 0.582693 0.582947 0.583184 0.583403
0.579000 0.578850 0.578763 0.578742 0.578787 0.578898 0.579074 0.579311 0.579603 0.579944 0.580325 0.580738 0.581173 0.581619 0.582067 0.582507 0.582928
0.579000 0.578650 0.578308 0.577990 0.577707 0.577474 0.577303 0.577206 0.577191 0.577266 0.577439 0.577712 0.578086 0.578560 0.579128 0.579785 0.580519
0.579000 0.578713 0.578349 0.577913 0.577411 0.576854 0.576252 0.575622 0.574979 0.574342 0.573732 0.573170 0.572678 0.572278 0.571993 0.571845 0.571852
0.579000 0.579265 0.579489 0.579652 0.579734 0.579716 0.579583 0.579320 0.578913 0.578353 0.577633 0.576750 0.575702 0.574494 0.573131 0.571624 0.569984
0.579000 0.579095 0.579361 0.579794 0.580386 0.581126 0.582003 0.583002 0.584105 0.585295 0.586552 0.587856 0.589186 0.590522 0.591843 0.593130 0.594363
0.579000 0.577428 0.575863 0.574321 0.572816 0.571363 0.569974 0.568663 0.567438 0.566311 0.565288 0.564375 0.563577 0.562894 0.562328 0.561877 0.561538
0.579000 0.579146 0.579184 0.579117 0.578946 0.578674 0.578305 0.577844 0.577297 0.576669 0.575967 0.575198 0.574368 0.573486 0.572557 0.571589 0.570589
0.579000 0.578323 0.577653 0.576991 0.576338 0.575693 0.575057 0.574431 0.573815 0.573211 0.572620 0.572043 0.571482 0.570938 0.570414 0.569912 0.569433
0.579000 0.579490 0.579932 0.580324 0.580665 0.580953 0.581188 0.581370 0.581497 0.581571 0.581591 0.581557 0.581471 0.581334 0.581147 0.580911 0.580630
0.579000 0.579257 0.579528 0.579809 0.580096 0.580385 0.580671 0.580951 0.581219 0.581472 0.581706 0.581915 0.582096 0.582246 0.582360 0.582435 0.582468
0.579000 0.578359 0.577748 0.577170 0.576626 0.576117 0.575643 0.575206 0.574806 0.574441 0.574112 0.573818 0.573557 0.573328 0.573129 0.572958 0.572812
0.579000 0.579001 0.578997 0.578990 0.578982 0.578976 0.578973 0.578975 0.578984 0.579001 0.579029 0.579069 0.579122 0.579190 0.579274 0.579374 0.579492
0.579000 0.578520 0.578024 0.577513 0.576988 0.576451 0.575903 0.575347 0.574783 0.574214 0.573641 0.573067 0.572493 0.571922 0.571355 0.570795 0.570244
0.579000 0.579007 0.578994 0.578963 0.578913 0.578846 0.578761 0.578661 0.578546 0.578417 0.578275 0.578122 0.577959 0.577787 0.577608 0.577423 0.577234
0.579000 0.579339 0.579668 0.579985 0.580290 0.580581 0.580858 0.581120 0.581365 0.581594 0.581806 0.582001 0.582177 0.582336 0.582477 0.582600 0.582705
0.579000 0.579811 0.580628 0.581447 0.582265 0.583081 0.583890 0.584689 0.585476 0.586248 0.587002 0.587734 0.588443 0.589126 0.589779 0.590400 0.590988
0.579000 0.579863 0.580740 0.581628 0.582528 0.583437 0.584356 0.585281 0.586213 0.587149 0.588088 0.589028 0.589966 0.590902 0.591833 0.592757 0.593672
0.579000 0.578780 0.578567 0.578363 0.578169 0.577986 0.577814 0.577656 0.577511 0.577382 0.577268 0.577171 0.577091 0.577028 0.576984 0.576958 0.576950
0.579000 0.579485 0.579974 0.580466 0.580962 0.581462 0.581965 0.582473 0.582984 0.583500 0.584021 0.584546 0.585077 0.585613 0.586155 0.586703 0.587257
0.579000 0.578522 0.578040 0.577555 0.577067 0.576577 0.576085 0.575592 0.575097 0.574601 0.574105 0.573610 0.573115 0.572621 0.572130 0.571641 0.571155
0.579000 0.578900 0.578810 0.578732 0.578665 0.578608 0.578562 0.578526 0.578501 0.578484 0.578478 0.578480 0.578492 0.578512 0.578541 0.578577 0.578622
0.579000 0.578514 0.578029 0.577544 0.577060 0.576577 0.576093 0.575609 0.575125 0.574640 0.574153 0.573666 0.573177 0.572686 0.572192 0.571697 0.571198
0.579000 0.578312 0.577622 0.576929 0.576235 0.575540 0.574847 0.574154 0.573464 0.572778 0.572096 0.571418 0.570747 0.570082 0.569424 0.568775 0.568135
0.579000 0.578111 0.577215 0.576313 0.575409 0.574504 0.573600 0.572700 0.571804 0.570916 0.570038 0.569170 0.568317 0.567478 0.566656 0.565854 0.565071
