-0.000536
-0.000536
-0.000536
-0.000536
-0.000536
-0.000536
-0.000536
-0.000536
-0.000536
-0.000536
-0.000536
-0.000536
-0.000536
-0.000536
-0.000536
-0.000536
-0.000536
-0.000536
-0.000536
-0.000536
-0.000536
-0.000536
-0.000536
-0.000536
-0.000536
-0.000536
-0.000536
-0.000536
-0.000536
-0.000536
-0.000536
-0.000536
-0.000536
-0.000536
-0.000536
-0.000536
-0.000536
-0.000536
-0.000536
-0.000536
-0.000536
-0.000536
-0.000536
-0.000536
-0.000536
-0.000536
-0.000536
-0.000536
-0.000536
-0.000536
-0.000536
-0.000536
-0.000536
-0.000536
-0.000536
-0.000536
-0.000536
-0.000536
-0.000536
-0.000536
-0.000536
