-0.001003
-0.001003
-0.001003
-0.001003
-0.001003
-0.001003
-0.001003
-0.001003
-0.001003
-0.001003
-0.001003
-0.001003
-0.001003
-0.001003
-0.001003
-0.001003
-0.001003
-0.001003
-0.001003
-0.001003
-0.001003
-0.001003
-0.001003
-0.001003
-0.001003
-0.001003
-0.001003
-0.001003
-0.001003
-0.001003
-0.001003
-0.001003
-0.001003
-0.001003
-0.001003
-0.001003
-0.001003
-0.001003
-0.001003
-0.001003
-0.001003
-0.001003
-0.001003
-0.001003
-0.001003
-0.001003
-0.001003
-0.001003
-0.001003
-0.001003
-0.001003
-0.001003
-0.001003
-0.001003
-0.001003
-0.001003
-0.001003
-0.001003
-0.001003
-0.001003
-0.001003
