-0.000777
-0.000777
-0.000777
-0.000777
-0.000777
-0.000777
-0.000777
-0.000777
-0.000777
-0.000777
-0.000777
-0.000777
-0.000777
-0.000777
-0.000777
-0.000777
-0.000777
-0.000777
-0.000777
-0.000777
-0.000777
-0.000777
-0.000777
-0.000777
-0.000777
-0.000777
-0.000777
-0.000777
-0.000777
-0.000777
-0.000777
-0.000777
-0.000777
-0.000777
-0.000777
-0.000777
-0.000777
-0.000777
-0.000777
-0.000777
-0.000777
-0.000777
-0.000777
-0.000777
-0.000777
-0.000777
-0.000777
-0.000777
-0.000777
-0.000777
-0.000777
-0.000777
-0.000777
-0.000777
-0.000777
-0.000777
-0.000777
-0.000777
-0.000777
-0.000777
-0.000777
