0.000757
0.000757
0.000757
0.000757
0.000757
0.000757
0.000757
0.000757
0.000757
0.000757
0.000757
0.000757
0.000757
0.000757
0.000757
0.000757
0.000757
0.000757
0.000757
0.000757
0.000757
0.000757
0.000757
0.000757
0.000757
0.000757
0.000757
0.000757
0.000757
0.000757
0.000757
0.000757
0.000757
0.000757
0.000757
0.000757
0.000757
0.000757
0.000757
0.000757
0.000757
0.000757
0.000757
0.000757
0.000757
0.000757
0.000757
0.000757
0.000757
0.000757
0.000757
0.000757
0.000757
0.000757
0.000757
0.000757
0.000757
0.000757
0.000757
0.000757
0.000757
