0.001465
0.001465
0.001465
0.001465
0.001465
0.001465
0.001465
0.001465
0.001465
0.001465
0.001465
0.001465
0.001465
0.001465
0.001465
0.001465
0.001465
0.001465
0.001465
0.001465
0.001465
0.001465
0.001465
0.001465
0.001465
0.001465
0.001465
0.001465
0.001465
0.001465
0.001465
0.001465
0.001465
0.001465
0.001465
0.001465
0.001465
0.001465
0.001465
0.001465
0.001465
0.001465
0.001465
0.001465
0.001465
0.001465
0.001465
0.001465
0.001465
0.001465
0.001465
0.001465
0.001465
0.001465
0.001465
0.001465
0.001465
0.001465
0.001465
0.001465
0.001465
