0.001140
0.001140
0.001140
0.001140
0.001140
0.001140
0.001140
0.001140
0.001140
0.001140
0.001140
0.001140
0.001140
0.001140
0.001140
0.001140
0.001140
0.001140
0.001140
0.001140
0.001140
0.001140
0.001140
0.001140
0.001140
0.001140
0.001140
0.001140
0.001140
0.001140
0.001140
0.001140
0.001140
0.001140
0.001140
0.001140
0.001140
0.001140
0.001140
0.001140
0.001140
0.001140
0.001140
0.001140
0.001140
0.001140
0.001140
0.001140
0.001140
0.001140
0.001140
0.001140
0.001140
0.001140
0.001140
0.001140
0.001140
0.001140
0.001140
0.001140
0.001140
