0.001413
0.001413
0.001413
0.001413
0.001413
0.001413
0.001413
0.001413
0.001413
0.001413
0.001413
0.001413
0.001413
0.001413
0.001413
0.001413
0.001413
0.001413
0.001413
0.001413
0.001413
0.001413
0.001413
0.001413
0.001413
0.001413
0.001413
0.001413
0.001413
0.001413
0.001413
0.001413
0.001413
0.001413
0.001413
0.001413
0.001413
0.001413
0.001413
0.001413
0.001413
0.001413
0.001413
0.001413
0.001413
0.001413
0.001413
0.001413
0.001413
0.001413
0.001413
0.001413
0.001413
0.001413
0.001413
0.001413
0.001413
0.001413
0.001413
0.001413
0.001413
