0.000231
0.000231
0.000231
0.000231
0.000231
0.000231
0.000231
0.000231
0.000231
0.000231
0.000231
0.000231
0.000231
0.000231
0.000231
0.000231
0.000231
0.000231
0.000231
0.000231
0.000231
0.000231
0.000231
0.000231
0.000231
0.000231
0.000231
0.000231
0.000231
0.000231
0.000231
0.000231
0.000231
0.000231
0.000231
0.000231
0.000231
0.000231
0.000231
0.000231
0.000231
0.000231
0.000231
0.000231
0.000231
0.000231
0.000231
0.000231
0.000231
0.000231
0.000231
0.000231
0.000231
0.000231
0.000231
0.000231
0.000231
0.000231
0.000231
0.000231
0.000231
