0.000669
0.000669
0.000669
0.000669
0.000669
0.000669
0.000669
0.000669
0.000669
0.000669
0.000669
0.000669
0.000669
0.000669
0.000669
0.000669
0.000669
0.000669
0.000669
0.000669
0.000669
0.000669
0.000669
0.000669
0.000669
0.000669
0.000669
0.000669
0.000669
0.000669
0.000669
0.000669
0.000669
0.000669
0.000669
0.000669
0.000669
0.000669
0.000669
0.000669
0.000669
0.000669
0.000669
0.000669
0.000669
0.000669
0.000669
0.000669
0.000669
0.000669
0.000669
0.000669
0.000669
0.000669
0.000669
0.000669
0.000669
0.000669
0.000669
0.000669
0.000669
