0.097821
0.103535
0.109732
0.116464
0.123790
0.131776
0.140495
0.150033
0.160484
0.171955
0.184566
0.198455
0.213773
0.230693
0.249407
0.270128
0.293093
0.318559
0.346807
0.378136
0.412857
0.451290
0.493747
0.540522
0.591870
0.647985
0.708979
0.774858
0.845507
0.920679
1.000000
1.082980
1.169042
1.257552
1.347859
1.439327
1.531365
1.623442
1.715104
1.805974
1.895751
1.984204
2.071159
0.506378
0.457712
0.416282
0.380436
0.349072
0.321400
0.296825
0.274886
0.255210
0.237496
0.221493
0.206990
0.193808
0.181797
0.170823
0.160776
0.151555
0.143076
