0.097668
0.103777
0.109787
0.116523
0.123853
0.131843
0.140567
0.150110
0.160566
0.172043
0.184661
0.198557
0.213883
0.230812
0.249536
0.270268
0.293245
0.318726
0.346989
0.378335
0.413074
0.451530
0.494011
0.540808
0.592189
0.648337
0.709351
0.775274
0.845967
0.921163
1.000521
1.083560
1.169653
1.258200
1.348553
1.440082
1.532147
1.624273
1.715979
1.806894
1.896714
1.985209
2.058755
0.506633
0.457946
0.416494
0.380630
0.349251
0.321565
0.296977
0.275027
0.255341
0.237619
0.221607
0.207096
0.193908
0.181890
0.170911
0.160858
0.151633
0.143277
