0.995232
0.994660
0.994005
0.993250
0.992379
0.991370
0.990198
0.988833
0.987238
0.985367
0.983169
0.980576
0.977511
0.973878
0.969563
0.964427
0.958307
0.951009
0.942306
0.931937
0.919611
0.905008
0.887795
0.867644
0.844263
0.817429
0.787037
0.753141
0.715990
0.676039
0.633938
0.590488
0.546570
0.503064
0.460772
0.420360
0.382326
0.346994
0.314527
0.284952
0.258198
0.234120
0.212530
0.607290
0.621057
0.631981
0.640788
0.647969
0.653874
0.658766
0.662843
0.666261
0.669140
0.671576
0.673647
0.675415
0.676929
0.678232
0.679357
0.680331
0.681177
