1.000000
0.992531
0.991616
0.990563
0.989347
0.987939
0.986305
0.984401
0.982178
0.979575
0.976516
0.972913
0.968658
0.963622
0.957648
0.950555
0.942120
0.932091
0.920170
0.906027
0.889292
0.869587
0.846520
0.819737
0.788984
0.754100
0.715132
0.672394
0.626428
0.578034
0.528271
0.478294
0.429247
0.382178
0.337967
0.297211
0.260264
0.227222
0.198022
0.172456
0.150224
0.130983
0.115207
0.577673
0.596081
0.610811
0.622762
0.632554
0.640639
0.647359
0.652975
0.657694
0.661676
0.665051
0.667923
0.670378
0.672484
0.674297
0.675863
0.677210
0.678400
