0.000604
0.002344
0.000504
0.000507
0.000512
0.000512
0.000508
0.000509
0.000512
0.000512
0.000512
0.000515
0.000514
0.000515
0.000516
0.000519
0.000519
0.000522
0.000524
0.000527
0.000525
0.000531
0.000534
0.000525
0.000539
0.000538
0.000521
0.000533
0.000540
0.000524
0.000515
0.000528
0.000524
0.000513
0.000504
0.000519
0.000516
0.000510
0.000505
0.000511
0.000512
0.000509
0.002443
0.000509
0.000512
0.000509
0.000510
0.000513
0.000514
0.000511
0.000512
0.000513
0.000517
0.000513
0.000514
0.000512
0.000514
0.000515
0.000515
0.000507
0.002315
