A =
5.950000
5.625500
5.312000
5.009500
4.718000
4.437500
4.168000
3.909500
3.662000
3.425500
3.200000
2.985500
2.782000
2.589500
2.408000
2.237500
2.078000
1.929500
1.792000
1.665500
1.550000
1.445500
1.352000
1.269500
1.198000
1.137500
1.088000
1.049500
1.022000
1.005500
1.000000
1.005500
1.022000
1.049500
1.088000
1.137500
1.198000
1.269500
1.352000
1.445500
1.550000
1.665500
1.792000
1.929500
2.078000
2.237500
2.408000
2.589500
2.782000
2.985500
3.200000
3.425500
3.662000
3.909500
4.168000
4.437500
4.718000
5.009500
5.312000
5.625500
5.950000

a = 0

d = 3

Del_x = 0.05

delta = 0.005

delta1 = 1.958004980651129e-05

Delta_t = 0.011091839780186286

err1 = 0.005

Exit_Pressure = 0.6784

ff0_throat_in =
0.000000 0.000000 0.000000 0.000000 0.000000 0.000000 0.000000 0.000000 0.000000 0.000000 0.000000 0.000000 0.000000 0.000000 0.000000 0.000000
0.000000 0.000000 0.000000 0.000000 0.000000 0.000000 0.000000 0.000000 0.000000 0.000000 0.000000 0.000000 0.000000 0.000000 0.000000 0.000000
0.000000 0.000000 0.000000 0.000000 0.000000 0.000000 0.000000 0.000000 0.000000 0.000000 0.000000 0.000000 0.000000 0.000000 0.000000 0.000000

ff1_throat_in =
0.000000 0.000000 0.000000 0.000000 0.000000 0.000000 0.000000 0.000000 0.000000 0.000000 0.000000 0.000000 0.000000 0.000000 0.000000 0.000000
0.000000 0.000000 0.000000 0.000000 0.000000 0.000000 0.000000 0.000000 0.000000 0.000000 0.000000 0.000000 0.000000 0.000000 0.000000 0.000000
0.000000 0.000000 0.000000 0.000000 0.000000 0.000000 0.000000 0.000000 0.000000 0.000000 0.000000 0.000000 0.000000 0.000000 0.000000 0.000000

ff2_throat_in =
0.000000 0.000000 0.000000 0.000000 0.000000 0.000000 0.000000 0.000000 0.000000 0.000000 0.000000 0.000000 0.000000 0.000000 0.000000 0.000000
0.000000 0.000000 0.000000 0.000000 0.000000 0.000000 0.000000 0.000000 0.000000 0.000000 0.000000 0.000000 0.000000 0.000000 0.000000 0.000000
0.000000 0.000000 0.000000 0.000000 0.000000 0.000000 0.000000 0.000000 0.000000 0.000000 0.000000 0.000000 0.000000 0.000000 0.000000 0.000000

final_n = 16.0

Gamma = 1.4

hbar = 0.0037911561748683598

ICMFlowErrScale = 0.0

ICrhoErrScale = 0.02

ICtempErrScale = 0.01

In_Mass_Flow = 0.579

In_Mass_Flow_Noisy = 0.579

in_n = 16

InitVal =
5.921628 5.595462 5.280153 4.975687 4.682044 4.399205 4.127147 3.865843 3.615264 3.375376 3.146140 2.927510 2.719436 2.521858 2.334707 2.157906 1.991362 1.834972 1.688611 1.552141 1.425396 1.308188 1.200299 1.101475 1.011427 0.929825 0.856296 0.790422 0.731742 0.679757 0.633938 0.593736 0.558595 0.527966 0.501320 0.478159 0.458027 0.440509 0.425240 0.411899 0.400207 0.389926 0.380854 1.171767 1.290555 1.414058 1.543018 1.677915 1.819078 1.966746 2.121099 2.282277 2.450390 2.625527 2.807761 2.997152 3.193752 3.397603 3.608742 3.827201 4.053006
0.579000 0.579000 0.579000 0.579000 0.579000 0.579000 0.579000 0.579000 0.579000 0.579000 0.579000 0.579000 0.579000 0.579000 0.579000 0.579000 0.579000 0.579000 0.579000 0.579000 0.579000 0.579000 0.579000 0.579000 0.579000 0.579000 0.579000 0.579000 0.579000 0.579000 0.579000 0.579000 0.579000 0.579000 0.579000 0.579000 0.579000 0.579000 0.579000 0.579000 0.579000 0.579000 0.579000 0.579000 0.579000 0.579000 0.579000 0.579000 0.579000 0.579000 0.579000 0.579000 0.579000 0.579000 0.579000 0.579000 0.579000 0.579000 0.579000 0.579000 0.579000
14.815421 14.000668 13.213114 12.452726 11.719466 11.013292 10.334154 9.681996 9.056754 8.458355 7.886715 7.341736 6.823308 6.331299 5.865559 5.425915 5.012162 4.624062 4.261336 3.923660 3.610649 3.321855 3.056749 2.814713 2.595027 2.396856 2.219241 2.061097 1.921217 1.798280 1.690880 1.597555 1.516825 1.447233 1.387384 1.335978 1.291826 1.253869 1.221175 1.192941 1.168479 1.147206 1.128632 2.986783 3.278475 3.582682 3.901109 4.234848 4.584646 4.951042 5.334439 5.735145 6.153407 6.589419 7.043342 7.515308 8.005427 8.513793 9.040483 9.585566 10.149100

ithroat = 31.0

k = 3.0

Mach_E =
0.097821
0.103535
0.109732
0.116464
0.123790
0.131776
0.140495
0.150033
0.160484
0.171955
0.184566
0.198455
0.213773
0.230693
0.249407
0.270128
0.293093
0.318559
0.346807
0.378136
0.412857
0.451290
0.493747
0.540522
0.591870
0.647985
0.708979
0.774858
0.845507
0.920679
1.000000
1.082980
1.169042
1.257552
1.347859
1.439327
1.531365
1.623442
1.715104
1.805974
1.895751
1.984204
2.071159
0.506378
0.457712
0.416282
0.380436
0.349072
0.321400
0.296825
0.274886
0.255210
0.237496
0.221493
0.206990
0.193808
0.181797
0.170823
0.160776
0.151555
0.143076

Mrho_E =
0.995232
0.994660
0.994005
0.993250
0.992379
0.991370
0.990198
0.988833
0.987238
0.985367
0.983169
0.980576
0.977511
0.973878
0.969563
0.964427
0.958307
0.951009
0.942306
0.931937
0.919611
0.905008
0.887795
0.867644
0.844263
0.817429
0.787037
0.753141
0.715990
0.676039
0.633938
0.590488
0.546570
0.503064
0.460772
0.420360
0.382326
0.346994
0.314527
0.284952
0.258198
0.234120
0.212530
0.607290
0.621057
0.631981
0.640788
0.647969
0.653874
0.658766
0.662843
0.666261
0.669140
0.671576
0.673647
0.675415
0.676929
0.678232
0.679357
0.680331
0.681177

N = 256.0

n = 16.0

Press_E =
0.993331
0.992532
0.991617
0.990563
0.989347
0.987939
0.986305
0.984401
0.982178
0.979575
0.976516
0.972913
0.968658
0.963622
0.957649
0.950555
0.942121
0.932091
0.920171
0.906027
0.889294
0.869587
0.846521
0.819744
0.788985
0.754102
0.715143
0.672399
0.626426
0.578043
0.528282
0.478295
0.429244
0.382184
0.337971
0.297214
0.260260
0.227223
0.198025
0.172457
0.150222
0.130982
0.114390
0.577666
0.596081
0.610812
0.622762
0.632553
0.640639
0.647359
0.652975
0.657694
0.661675
0.665051
0.667924
0.670378
0.672484
0.674297
0.675863
0.677220
0.678400

r = 2

rho = 1

Shock_Flag = 1

SW_JumpM = (0.5658894662918369+0j)

SW_JumpP = (4.832411111138676+0j)

t =
0.000000 0.966745 1.933490 2.900234 3.866979 4.833724 5.800469 6.767214 7.733959 8.700703 9.667448 10.634193 11.600938 12.567683 13.534428 14.501172
0.003791 0.970536 1.937281 2.904026 3.870770 4.837515 5.804260 6.771005 7.737750 8.704495 9.671239 10.637984 11.604729 12.571474 13.538219 14.504964
0.007582 0.974327 1.941072 2.907817 3.874562 4.841306 5.808051 6.774796 7.741541 8.708286 9.675031 10.641775 11.608520 12.575265 13.542010 14.508755
0.011373 0.978118 1.944863 2.911608 3.878353 4.845098 5.811842 6.778587 7.745332 8.712077 9.678822 10.645567 11.612311 12.579056 13.545801 14.512546
0.015165 0.981909 1.948654 2.915399 3.882144 4.848889 5.815634 6.782378 7.749123 8.715868 9.682613 10.649358 11.616103 12.582847 13.549592 14.516337
0.018956 0.985701 1.952445 2.919190 3.885935 4.852680 5.819425 6.786170 7.752914 8.719659 9.686404 10.653149 11.619894 12.586639 13.553383 14.520128
0.022747 0.989492 1.956237 2.922981 3.889726 4.856471 5.823216 6.789961 7.756706 8.723450 9.690195 10.656940 11.623685 12.590430 13.557174 14.523919
0.026538 0.993283 1.960028 2.926773 3.893517 4.860262 5.827007 6.793752 7.760497 8.727242 9.693986 10.660731 11.627476 12.594221 13.560966 14.527710
0.030329 0.997074 1.963819 2.930564 3.897309 4.864053 5.830798 6.797543 7.764288 8.731033 9.697777 10.664522 11.631267 12.598012 13.564757 14.531502
0.034120 1.000865 1.967610 2.934355 3.901100 4.867845 5.834589 6.801334 7.768079 8.734824 9.701569 10.668313 11.635058 12.601803 13.568548 14.535293
0.037912 1.004656 1.971401 2.938146 3.904891 4.871636 5.838381 6.805125 7.771870 8.738615 9.705360 10.672105 11.638849 12.605594 13.572339 14.539084
0.041703 1.008448 1.975192 2.941937 3.908682 4.875427 5.842172 6.808916 7.775661 8.742406 9.709151 10.675896 11.642641 12.609385 13.576130 14.542875
0.045494 1.012239 1.978984 2.945728 3.912473 4.879218 5.845963 6.812708 7.779452 8.746197 9.712942 10.679687 11.646432 12.613177 13.579921 14.546666
0.049285 1.016030 1.982775 2.949520 3.916264 4.883009 5.849754 6.816499 7.783244 8.749988 9.716733 10.683478 11.650223 12.616968 13.583713 14.550457
0.053076 1.019821 1.986566 2.953311 3.920055 4.886800 5.853545 6.820290 7.787035 8.753780 9.720524 10.687269 11.654014 12.620759 13.587504 14.554249
0.056867 1.023612 1.990357 2.957102 3.923847 4.890591 5.857336 6.824081 7.790826 8.757571 9.724316 10.691060 11.657805 12.624550 13.591295 14.558040
0.060658 1.027403 1.994148 2.960893 3.927638 4.894383 5.861127 6.827872 7.794617 8.761362 9.728107 10.694852 11.661596 12.628341 13.595086 14.561831
0.064450 1.031194 1.997939 2.964684 3.931429 4.898174 5.864919 6.831663 7.798408 8.765153 9.731898 10.698643 11.665388 12.632132 13.598877 14.565622
0.068241 1.034986 2.001730 2.968475 3.935220 4.901965 5.868710 6.835455 7.802199 8.768944 9.735689 10.702434 11.669179 12.635924 13.602668 14.569413
0.072032 1.038777 2.005522 2.972266 3.939011 4.905756 5.872501 6.839246 7.805991 8.772735 9.739480 10.706225 11.672970 12.639715 13.606460 14.573204
0.075823 1.042568 2.009313 2.976058 3.942802 4.909547 5.876292 6.843037 7.809782 8.776527 9.743271 10.710016 11.676761 12.643506 13.610251 14.576995
0.079614 1.046359 2.013104 2.979849 3.946594 4.913338 5.880083 6.846828 7.813573 8.780318 9.747063 10.713807 11.680552 12.647297 13.614042 14.580787
0.083405 1.050150 2.016895 2.983640 3.950385 4.917130 5.883874 6.850619 7.817364 8.784109 9.750854 10.717599 11.684343 12.651088 13.617833 14.584578
0.087197 1.053941 2.020686 2.987431 3.954176 4.920921 5.887666 6.854410 7.821155 8.787900 9.754645 10.721390 11.688134 12.654879 13.621624 14.588369
0.090988 1.057733 2.024477 2.991222 3.957967 4.924712 5.891457 6.858202 7.824946 8.791691 9.758436 10.725181 11.691926 12.658670 13.625415 14.592160
0.094779 1.061524 2.028269 2.995013 3.961758 4.928503 5.895248 6.861993 7.828738 8.795482 9.762227 10.728972 11.695717 12.662462 13.629206 14.595951
0.098570 1.065315 2.032060 2.998805 3.965549 4.932294 5.899039 6.865784 7.832529 8.799273 9.766018 10.732763 11.699508 12.666253 13.632998 14.599742
0.102361 1.069106 2.035851 3.002596 3.969341 4.936085 5.902830 6.869575 7.836320 8.803065 9.769809 10.736554 11.703299 12.670044 13.636789 14.603534
0.106152 1.072897 2.039642 3.006387 3.973132 4.939876 5.906621 6.873366 7.840111 8.806856 9.773601 10.740345 11.707090 12.673835 13.640580 14.607325
0.109944 1.076688 2.043433 3.010178 3.976923 4.943668 5.910412 6.877157 7.843902 8.810647 9.777392 10.744137 11.710881 12.677626 13.644371 14.611116
0.113735 1.080480 2.047224 3.013969 3.980714 4.947459 5.914204 6.880948 7.847693 8.814438 9.781183 10.747928 11.714673 12.681417 13.648162 14.614907
0.117526 1.084271 2.051015 3.017760 3.984505 4.951250 5.917995 6.884740 7.851484 8.818229 9.784974 10.751719 11.718464 12.685209 13.651953 14.618698
0.121317 1.088062 2.054807 3.021551 3.988296 4.955041 5.921786 6.888531 7.855276 8.822020 9.788765 10.755510 11.722255 12.689000 13.655745 14.622489
0.125108 1.091853 2.058598 3.025343 3.992087 4.958832 5.925577 6.892322 7.859067 8.825812 9.792556 10.759301 11.726046 12.692791 13.659536 14.626281
0.128899 1.095644 2.062389 3.029134 3.995879 4.962623 5.929368 6.896113 7.862858 8.829603 9.796348 10.763092 11.729837 12.696582 13.663327 14.630072
0.132690 1.099435 2.066180 3.032925 3.999670 4.966415 5.933159 6.899904 7.866649 8.833394 9.800139 10.766884 11.733628 12.700373 13.667118 14.633863
0.136482 1.103226 2.069971 3.036716 4.003461 4.970206 5.936951 6.903695 7.870440 8.837185 9.803930 10.770675 11.737420 12.704164 13.670909 14.637654
0.140273 1.107018 2.073762 3.040507 4.007252 4.973997 5.940742 6.907487 7.874231 8.840976 9.807721 10.774466 11.741211 12.707955 13.674700 14.641445
0.144064 1.110809 2.077554 3.044298 4.011043 4.977788 5.944533 6.911278 7.878023 8.844767 9.811512 10.778257 11.745002 12.711747 13.678491 14.645236
0.147855 1.114600 2.081345 3.048090 4.014834 4.981579 5.948324 6.915069 7.881814 8.848559 9.815303 10.782048 11.748793 12.715538 13.682283 14.649027
0.151646 1.118391 2.085136 3.051881 4.018626 4.985370 5.952115 6.918860 7.885605 8.852350 9.819094 10.785839 11.752584 12.719329 13.686074 14.652819
0.155437 1.122182 2.088927 3.055672 4.022417 4.989162 5.955906 6.922651 7.889396 8.856141 9.822886 10.789630 11.756375 12.723120 13.689865 14.656610
0.159229 1.125973 2.092718 3.059463 4.026208 4.992953 5.959698 6.926442 7.893187 8.859932 9.826677 10.793422 11.760166 12.726911 13.693656 14.660401
0.163020 1.129765 2.096509 3.063254 4.029999 4.996744 5.963489 6.930233 7.896978 8.863723 9.830468 10.797213 11.763958 12.730702 13.697447 14.664192
0.166811 1.133556 2.100301 3.067045 4.033790 5.000535 5.967280 6.934025 7.900769 8.867514 9.834259 10.801004 11.767749 12.734494 13.701238 14.667983
0.170602 1.137347 2.104092 3.070837 4.037581 5.004326 5.971071 6.937816 7.904561 8.871305 9.838050 10.804795 11.771540 12.738285 13.705030 14.671774
0.174393 1.141138 2.107883 3.074628 4.041372 5.008117 5.974862 6.941607 7.908352 8.875097 9.841841 10.808586 11.775331 12.742076 13.708821 14.675566
0.178184 1.144929 2.111674 3.078419 4.045164 5.011908 5.978653 6.945398 7.912143 8.878888 9.845633 10.812377 11.779122 12.745867 13.712612 14.679357
0.181975 1.148720 2.115465 3.082210 4.048955 5.015700 5.982444 6.949189 7.915934 8.882679 9.849424 10.816169 11.782913 12.749658 13.716403 14.683148
0.185767 1.152511 2.119256 3.086001 4.052746 5.019491 5.986236 6.952980 7.919725 8.886470 9.853215 10.819960 11.786705 12.753449 13.720194 14.686939
0.189558 1.156303 2.123047 3.089792 4.056537 5.023282 5.990027 6.956772 7.923516 8.890261 9.857006 10.823751 11.790496 12.757241 13.723985 14.690730
0.193349 1.160094 2.126839 3.093583 4.060328 5.027073 5.993818 6.960563 7.927308 8.894052 9.860797 10.827542 11.794287 12.761032 13.727777 14.694521
0.197140 1.163885 2.130630 3.097375 4.064119 5.030864 5.997609 6.964354 7.931099 8.897844 9.864588 10.831333 11.798078 12.764823 13.731568 14.698312
0.200931 1.167676 2.134421 3.101166 4.067911 5.034655 6.001400 6.968145 7.934890 8.901635 9.868380 10.835124 11.801869 12.768614 13.735359 14.702104
0.204722 1.171467 2.138212 3.104957 4.071702 5.038447 6.005191 6.971936 7.938681 8.905426 9.872171 10.838916 11.805660 12.772405 13.739150 14.705895
0.208514 1.175258 2.142003 3.108748 4.075493 5.042238 6.008983 6.975727 7.942472 8.909217 9.875962 10.842707 11.809451 12.776196 13.742941 14.709686
0.212305 1.179050 2.145794 3.112539 4.079284 5.046029 6.012774 6.979519 7.946263 8.913008 9.879753 10.846498 11.813243 12.779987 13.746732 14.713477
0.216096 1.182841 2.149586 3.116330 4.083075 5.049820 6.016565 6.983310 7.950054 8.916799 9.883544 10.850289 11.817034 12.783779 13.750523 14.717268
0.219887 1.186632 2.153377 3.120122 4.086866 5.053611 6.020356 6.987101 7.953846 8.920590 9.887335 10.854080 11.820825 12.787570 13.754315 14.721059
0.223678 1.190423 2.157168 3.123913 4.090658 5.057402 6.024147 6.990892 7.957637 8.924382 9.891126 10.857871 11.824616 12.791361 13.758106 14.724851
0.227469 1.194214 2.160959 3.127704 4.094449 5.061193 6.027938 6.994683 7.961428 8.928173 9.894918 10.861662 11.828407 12.795152 13.761897 14.728642
0.231261 1.198005 2.164750 3.131495 4.098240 5.064985 6.031729 6.998474 7.965219 8.931964 9.898709 10.865454 11.832198 12.798943 13.765688 14.732433
0.235052 1.201797 2.168541 3.135286 4.102031 5.068776 6.035521 7.002265 7.969010 8.935755 9.902500 10.869245 11.835990 12.802734 13.769479 14.736224
0.238843 1.205588 2.172332 3.139077 4.105822 5.072567 6.039312 7.006057 7.972801 8.939546 9.906291 10.873036 11.839781 12.806526 13.773270 14.740015
0.242634 1.209379 2.176124 3.142868 4.109613 5.076358 6.043103 7.009848 7.976593 8.943337 9.910082 10.876827 11.843572 12.810317 13.777062 14.743806
0.246425 1.213170 2.179915 3.146660 4.113404 5.080149 6.046894 7.013639 7.980384 8.947129 9.913873 10.880618 11.847363 12.814108 13.780853 14.747598
0.250216 1.216961 2.183706 3.150451 4.117196 5.083940 6.050685 7.017430 7.984175 8.950920 9.917665 10.884409 11.851154 12.817899 13.784644 14.751389
0.254007 1.220752 2.187497 3.154242 4.120987 5.087732 6.054476 7.021221 7.987966 8.954711 9.921456 10.888201 11.854945 12.821690 13.788435 14.755180
0.257799 1.224543 2.191288 3.158033 4.124778 5.091523 6.058268 7.025012 7.991757 8.958502 9.925247 10.891992 11.858737 12.825481 13.792226 14.758971
0.261590 1.228335 2.195079 3.161824 4.128569 5.095314 6.062059 7.028804 7.995548 8.962293 9.929038 10.895783 11.862528 12.829272 13.796017 14.762762
0.265381 1.232126 2.198871 3.165615 4.132360 5.099105 6.065850 7.032595 7.999340 8.966084 9.932829 10.899574 11.866319 12.833064 13.799808 14.766553
0.269172 1.235917 2.202662 3.169407 4.136151 5.102896 6.069641 7.036386 8.003131 8.969876 9.936620 10.903365 11.870110 12.836855 13.803600 14.770344
0.272963 1.239708 2.206453 3.173198 4.139943 5.106687 6.073432 7.040177 8.006922 8.973667 9.940411 10.907156 11.873901 12.840646 13.807391 14.774136
0.276754 1.243499 2.210244 3.176989 4.143734 5.110479 6.077223 7.043968 8.010713 8.977458 9.944203 10.910947 11.877692 12.844437 13.811182 14.777927
0.280546 1.247290 2.214035 3.180780 4.147525 5.114270 6.081015 7.047759 8.014504 8.981249 9.947994 10.914739 11.881483 12.848228 13.814973 14.781718
0.284337 1.251082 2.217826 3.184571 4.151316 5.118061 6.084806 7.051550 8.018295 8.985040 9.951785 10.918530 11.885275 12.852019 13.818764 14.785509
0.288128 1.254873 2.221618 3.188362 4.155107 5.121852 6.088597 7.055342 8.022086 8.988831 9.955576 10.922321 11.889066 12.855811 13.822555 14.789300
0.291919 1.258664 2.225409 3.192153 4.158898 5.125643 6.092388 7.059133 8.025878 8.992622 9.959367 10.926112 11.892857 12.859602 13.826347 14.793091
0.295710 1.262455 2.229200 3.195945 4.162689 5.129434 6.096179 7.062924 8.029669 8.996414 9.963158 10.929903 11.896648 12.863393 13.830138 14.796883
0.299501 1.266246 2.232991 3.199736 4.166481 5.133225 6.099970 7.066715 8.033460 9.000205 9.966950 10.933694 11.900439 12.867184 13.833929 14.800674
0.303292 1.270037 2.236782 3.203527 4.170272 5.137017 6.103761 7.070506 8.037251 9.003996 9.970741 10.937486 11.904230 12.870975 13.837720 14.804465
0.307084 1.273828 2.240573 3.207318 4.174063 5.140808 6.107553 7.074297 8.041042 9.007787 9.974532 10.941277 11.908022 12.874766 13.841511 14.808256
0.310875 1.277620 2.244364 3.211109 4.177854 5.144599 6.111344 7.078089 8.044833 9.011578 9.978323 10.945068 11.911813 12.878558 13.845302 14.812047
0.314666 1.281411 2.248156 3.214900 4.181645 5.148390 6.115135 7.081880 8.048625 9.015369 9.982114 10.948859 11.915604 12.882349 13.849094 14.815838
0.318457 1.285202 2.251947 3.218692 4.185436 5.152181 6.118926 7.085671 8.052416 9.019161 9.985905 10.952650 11.919395 12.886140 13.852885 14.819629
0.322248 1.288993 2.255738 3.222483 4.189228 5.155972 6.122717 7.089462 8.056207 9.022952 9.989697 10.956441 11.923186 12.889931 13.856676 14.823421
0.326039 1.292784 2.259529 3.226274 4.193019 5.159764 6.126508 7.093253 8.059998 9.026743 9.993488 10.960233 11.926977 12.893722 13.860467 14.827212
0.329831 1.296575 2.263320 3.230065 4.196810 5.163555 6.130300 7.097044 8.063789 9.030534 9.997279 10.964024 11.930768 12.897513 13.864258 14.831003
0.333622 1.300367 2.267111 3.233856 4.200601 5.167346 6.134091 7.100836 8.067580 9.034325 10.001070 10.967815 11.934560 12.901304 13.868049 14.834794
0.337413 1.304158 2.270903 3.237647 4.204392 5.171137 6.137882 7.104627 8.071371 9.038116 10.004861 10.971606 11.938351 12.905096 13.871840 14.838585
0.341204 1.307949 2.274694 3.241439 4.208183 5.174928 6.141673 7.108418 8.075163 9.041907 10.008652 10.975397 11.942142 12.908887 13.875632 14.842376
0.344995 1.311740 2.278485 3.245230 4.211975 5.178719 6.145464 7.112209 8.078954 9.045699 10.012443 10.979188 11.945933 12.912678 13.879423 14.846168
0.348786 1.315531 2.282276 3.249021 4.215766 5.182510 6.149255 7.116000 8.082745 9.049490 10.016235 10.982979 11.949724 12.916469 13.883214 14.849959
0.352578 1.319322 2.286067 3.252812 4.219557 5.186302 6.153046 7.119791 8.086536 9.053281 10.020026 10.986771 11.953515 12.920260 13.887005 14.853750
0.356369 1.323114 2.289858 3.256603 4.223348 5.190093 6.156838 7.123582 8.090327 9.057072 10.023817 10.990562 11.957307 12.924051 13.890796 14.857541
0.360160 1.326905 2.293649 3.260394 4.227139 5.193884 6.160629 7.127374 8.094118 9.060863 10.027608 10.994353 11.961098 12.927843 13.894587 14.861332
0.363951 1.330696 2.297441 3.264185 4.230930 5.197675 6.164420 7.131165 8.097910 9.064654 10.031399 10.998144 11.964889 12.931634 13.898379 14.865123
0.367742 1.334487 2.301232 3.267977 4.234721 5.201466 6.168211 7.134956 8.101701 9.068446 10.035190 11.001935 11.968680 12.935425 13.902170 14.868915
0.371533 1.338278 2.305023 3.271768 4.238513 5.205257 6.172002 7.138747 8.105492 9.072237 10.038982 11.005726 11.972471 12.939216 13.905961 14.872706
0.375324 1.342069 2.308814 3.275559 4.242304 5.209049 6.175793 7.142538 8.109283 9.076028 10.042773 11.009518 11.976262 12.943007 13.909752 14.876497
0.379116 1.345860 2.312605 3.279350 4.246095 5.212840 6.179585 7.146329 8.113074 9.079819 10.046564 11.013309 11.980054 12.946798 13.913543 14.880288
0.382907 1.349652 2.316396 3.283141 4.249886 5.216631 6.183376 7.150121 8.116865 9.083610 10.050355 11.017100 11.983845 12.950589 13.917334 14.884079
0.386698 1.353443 2.320188 3.286932 4.253677 5.220422 6.187167 7.153912 8.120657 9.087401 10.054146 11.020891 11.987636 12.954381 13.921125 14.887870
0.390489 1.357234 2.323979 3.290724 4.257468 5.224213 6.190958 7.157703 8.124448 9.091193 10.057937 11.024682 11.991427 12.958172 13.924917 14.891661
0.394280 1.361025 2.327770 3.294515 4.261260 5.228004 6.194749 7.161494 8.128239 9.094984 10.061728 11.028473 11.995218 12.961963 13.928708 14.895453
0.398071 1.364816 2.331561 3.298306 4.265051 5.231796 6.198540 7.165285 8.132030 9.098775 10.065520 11.032264 11.999009 12.965754 13.932499 14.899244
0.401863 1.368607 2.335352 3.302097 4.268842 5.235587 6.202332 7.169076 8.135821 9.102566 10.069311 11.036056 12.002800 12.969545 13.936290 14.903035
0.405654 1.372399 2.339143 3.305888 4.272633 5.239378 6.206123 7.172867 8.139612 9.106357 10.073102 11.039847 12.006592 12.973336 13.940081 14.906826
0.409445 1.376190 2.342935 3.309679 4.276424 5.243169 6.209914 7.176659 8.143403 9.110148 10.076893 11.043638 12.010383 12.977128 13.943872 14.910617
0.413236 1.379981 2.346726 3.313470 4.280215 5.246960 6.213705 7.180450 8.147195 9.113939 10.080684 11.047429 12.014174 12.980919 13.947664 14.914408
0.417027 1.383772 2.350517 3.317262 4.284006 5.250751 6.217496 7.184241 8.150986 9.117731 10.084475 11.051220 12.017965 12.984710 13.951455 14.918200
0.420818 1.387563 2.354308 3.321053 4.287798 5.254542 6.221287 7.188032 8.154777 9.121522 10.088267 11.055011 12.021756 12.988501 13.955246 14.921991
0.424609 1.391354 2.358099 3.324844 4.291589 5.258334 6.225078 7.191823 8.158568 9.125313 10.092058 11.058803 12.025547 12.992292 13.959037 14.925782
0.428401 1.395145 2.361890 3.328635 4.295380 5.262125 6.228870 7.195614 8.162359 9.129104 10.095849 11.062594 12.029339 12.996083 13.962828 14.929573
0.432192 1.398937 2.365681 3.332426 4.299171 5.265916 6.232661 7.199406 8.166150 9.132895 10.099640 11.066385 12.033130 12.999875 13.966619 14.933364
0.435983 1.402728 2.369473 3.336217 4.302962 5.269707 6.236452 7.203197 8.169942 9.136686 10.103431 11.070176 12.036921 13.003666 13.970411 14.937155
0.439774 1.406519 2.373264 3.340009 4.306753 5.273498 6.240243 7.206988 8.173733 9.140478 10.107222 11.073967 12.040712 13.007457 13.974202 14.940946
0.443565 1.410310 2.377055 3.343800 4.310545 5.277289 6.244034 7.210779 8.177524 9.144269 10.111014 11.077758 12.044503 13.011248 13.977993 14.944738
0.447356 1.414101 2.380846 3.347591 4.314336 5.281081 6.247825 7.214570 8.181315 9.148060 10.114805 11.081549 12.048294 13.015039 13.981784 14.948529
0.451148 1.417892 2.384637 3.351382 4.318127 5.284872 6.251617 7.218361 8.185106 9.151851 10.118596 11.085341 12.052085 13.018830 13.985575 14.952320
0.454939 1.421684 2.388428 3.355173 4.321918 5.288663 6.255408 7.222153 8.188897 9.155642 10.122387 11.089132 12.055877 13.022621 13.989366 14.956111
0.458730 1.425475 2.392220 3.358964 4.325709 5.292454 6.259199 7.225944 8.192688 9.159433 10.126178 11.092923 12.059668 13.026413 13.993157 14.959902
0.462521 1.429266 2.396011 3.362756 4.329500 5.296245 6.262990 7.229735 8.196480 9.163224 10.129969 11.096714 12.063459 13.030204 13.996949 14.963693
0.466312 1.433057 2.399802 3.366547 4.333292 5.300036 6.266781 7.233526 8.200271 9.167016 10.133760 11.100505 12.067250 13.033995 14.000740 14.967485
0.470103 1.436848 2.403593 3.370338 4.337083 5.303827 6.270572 7.237317 8.204062 9.170807 10.137552 11.104296 12.071041 13.037786 14.004531 14.971276
0.473895 1.440639 2.407384 3.374129 4.340874 5.307619 6.274363 7.241108 8.207853 9.174598 10.141343 11.108088 12.074832 13.041577 14.008322 14.975067
0.477686 1.444431 2.411175 3.377920 4.344665 5.311410 6.278155 7.244899 8.211644 9.178389 10.145134 11.111879 12.078624 13.045368 14.012113 14.978858
0.481477 1.448222 2.414966 3.381711 4.348456 5.315201 6.281946 7.248691 8.215435 9.182180 10.148925 11.115670 12.082415 13.049160 14.015904 14.982649
0.485268 1.452013 2.418758 3.385502 4.352247 5.318992 6.285737 7.252482 8.219227 9.185971 10.152716 11.119461 12.086206 13.052951 14.019696 14.986440
0.489059 1.455804 2.422549 3.389294 4.356038 5.322783 6.289528 7.256273 8.223018 9.189763 10.156507 11.123252 12.089997 13.056742 14.023487 14.990232
0.492850 1.459595 2.426340 3.393085 4.359830 5.326574 6.293319 7.260064 8.226809 9.193554 10.160299 11.127043 12.093788 13.060533 14.027278 14.994023
0.496641 1.463386 2.430131 3.396876 4.363621 5.330366 6.297110 7.263855 8.230600 9.197345 10.164090 11.130835 12.097579 13.064324 14.031069 14.997814
0.500433 1.467177 2.433922 3.400667 4.367412 5.334157 6.300902 7.267646 8.234391 9.201136 10.167881 11.134626 12.101371 13.068115 14.034860 15.001605
0.504224 1.470969 2.437713 3.404458 4.371203 5.337948 6.304693 7.271438 8.238182 9.204927 10.171672 11.138417 12.105162 13.071906 14.038651 15.005396
0.508015 1.474760 2.441505 3.408249 4.374994 5.341739 6.308484 7.275229 8.241974 9.208718 10.175463 11.142208 12.108953 13.075698 14.042442 15.009187
0.511806 1.478551 2.445296 3.412041 4.378785 5.345530 6.312275 7.279020 8.245765 9.212510 10.179254 11.145999 12.112744 13.079489 14.046234 15.012978
0.515597 1.482342 2.449087 3.415832 4.382577 5.349321 6.316066 7.282811 8.249556 9.216301 10.183045 11.149790 12.116535 13.083280 14.050025 15.016770
0.519388 1.486133 2.452878 3.419623 4.386368 5.353113 6.319857 7.286602 8.253347 9.220092 10.186837 11.153581 12.120326 13.087071 14.053816 15.020561
0.523180 1.489924 2.456669 3.423414 4.390159 5.356904 6.323648 7.290393 8.257138 9.223883 10.190628 11.157373 12.124117 13.090862 14.057607 15.024352
0.526971 1.493716 2.460460 3.427205 4.393950 5.360695 6.327440 7.294184 8.260929 9.227674 10.194419 11.161164 12.127909 13.094653 14.061398 15.028143
0.530762 1.497507 2.464252 3.430996 4.397741 5.364486 6.331231 7.297976 8.264720 9.231465 10.198210 11.164955 12.131700 13.098445 14.065189 15.031934
0.534553 1.501298 2.468043 3.434787 4.401532 5.368277 6.335022 7.301767 8.268512 9.235256 10.202001 11.168746 12.135491 13.102236 14.068981 15.035725
0.538344 1.505089 2.471834 3.438579 4.405323 5.372068 6.338813 7.305558 8.272303 9.239048 10.205792 11.172537 12.139282 13.106027 14.072772 15.039517
0.542135 1.508880 2.475625 3.442370 4.409115 5.375859 6.342604 7.309349 8.276094 9.242839 10.209584 11.176328 12.143073 13.109818 14.076563 15.043308
0.545926 1.512671 2.479416 3.446161 4.412906 5.379651 6.346395 7.313140 8.279885 9.246630 10.213375 11.180120 12.146864 13.113609 14.080354 15.047099
0.549718 1.516462 2.483207 3.449952 4.416697 5.383442 6.350187 7.316931 8.283676 9.250421 10.217166 11.183911 12.150656 13.117400 14.084145 15.050890
0.553509 1.520254 2.486998 3.453743 4.420488 5.387233 6.353978 7.320723 8.287467 9.254212 10.220957 11.187702 12.154447 13.121192 14.087936 15.054681
0.557300 1.524045 2.490790 3.457534 4.424279 5.391024 6.357769 7.324514 8.291259 9.258003 10.224748 11.191493 12.158238 13.124983 14.091728 15.058472
0.561091 1.527836 2.494581 3.461326 4.428070 5.394815 6.361560 7.328305 8.295050 9.261795 10.228539 11.195284 12.162029 13.128774 14.095519 15.062263
0.564882 1.531627 2.498372 3.465117 4.431862 5.398606 6.365351 7.332096 8.298841 9.265586 10.232331 11.199075 12.165820 13.132565 14.099310 15.066055
0.568673 1.535418 2.502163 3.468908 4.435653 5.402398 6.369142 7.335887 8.302632 9.269377 10.236122 11.202866 12.169611 13.136356 14.103101 15.069846
0.572465 1.539209 2.505954 3.472699 4.439444 5.406189 6.372934 7.339678 8.306423 9.273168 10.239913 11.206658 12.173402 13.140147 14.106892 15.073637
0.576256 1.543001 2.509745 3.476490 4.443235 5.409980 6.376725 7.343470 8.310214 9.276959 10.243704 11.210449 12.177194 13.143938 14.110683 15.077428
0.580047 1.546792 2.513537 3.480281 4.447026 5.413771 6.380516 7.347261 8.314005 9.280750 10.247495 11.214240 12.180985 13.147730 14.114474 15.081219
0.583838 1.550583 2.517328 3.484073 4.450817 5.417562 6.384307 7.351052 8.317797 9.284541 10.251286 11.218031 12.184776 13.151521 14.118266 15.085010
0.587629 1.554374 2.521119 3.487864 4.454609 5.421353 6.388098 7.354843 8.321588 9.288333 10.255077 11.221822 12.188567 13.155312 14.122057 15.088802
0.591420 1.558165 2.524910 3.491655 4.458400 5.425144 6.391889 7.358634 8.325379 9.292124 10.258869 11.225613 12.192358 13.159103 14.125848 15.092593
0.595212 1.561956 2.528701 3.495446 4.462191 5.428936 6.395680 7.362425 8.329170 9.295915 10.262660 11.229405 12.196149 13.162894 14.129639 15.096384
0.599003 1.565748 2.532492 3.499237 4.465982 5.432727 6.399472 7.366216 8.332961 9.299706 10.266451 11.233196 12.199941 13.166685 14.133430 15.100175
0.602794 1.569539 2.536283 3.503028 4.469773 5.436518 6.403263 7.370008 8.336752 9.303497 10.270242 11.236987 12.203732 13.170477 14.137221 15.103966
0.606585 1.573330 2.540075 3.506819 4.473564 5.440309 6.407054 7.373799 8.340544 9.307288 10.274033 11.240778 12.207523 13.174268 14.141013 15.107757
0.610376 1.577121 2.543866 3.510611 4.477355 5.444100 6.410845 7.377590 8.344335 9.311080 10.277824 11.244569 12.211314 13.178059 14.144804 15.111549
0.614167 1.580912 2.547657 3.514402 4.481147 5.447891 6.414636 7.381381 8.348126 9.314871 10.281616 11.248360 12.215105 13.181850 14.148595 15.115340
0.617958 1.584703 2.551448 3.518193 4.484938 5.451683 6.418427 7.385172 8.351917 9.318662 10.285407 11.252152 12.218896 13.185641 14.152386 15.119131
0.621750 1.588494 2.555239 3.521984 4.488729 5.455474 6.422219 7.388963 8.355708 9.322453 10.289198 11.255943 12.222688 13.189432 14.156177 15.122922
0.625541 1.592286 2.559030 3.525775 4.492520 5.459265 6.426010 7.392755 8.359499 9.326244 10.292989 11.259734 12.226479 13.193223 14.159968 15.126713
0.629332 1.596077 2.562822 3.529566 4.496311 5.463056 6.429801 7.396546 8.363291 9.330035 10.296780 11.263525 12.230270 13.197015 14.163759 15.130504
0.633123 1.599868 2.566613 3.533358 4.500102 5.466847 6.433592 7.400337 8.367082 9.333827 10.300571 11.267316 12.234061 13.200806 14.167551 15.134295
0.636914 1.603659 2.570404 3.537149 4.503894 5.470638 6.437383 7.404128 8.370873 9.337618 10.304362 11.271107 12.237852 13.204597 14.171342 15.138087
0.640705 1.607450 2.574195 3.540940 4.507685 5.474430 6.441174 7.407919 8.374664 9.341409 10.308154 11.274898 12.241643 13.208388 14.175133 15.141878
0.644497 1.611241 2.577986 3.544731 4.511476 5.478221 6.444965 7.411710 8.378455 9.345200 10.311945 11.278690 12.245434 13.212179 14.178924 15.145669
0.648288 1.615033 2.581777 3.548522 4.515267 5.482012 6.448757 7.415501 8.382246 9.348991 10.315736 11.282481 12.249226 13.215970 14.182715 15.149460
0.652079 1.618824 2.585569 3.552313 4.519058 5.485803 6.452548 7.419293 8.386037 9.352782 10.319527 11.286272 12.253017 13.219762 14.186506 15.153251
0.655870 1.622615 2.589360 3.556104 4.522849 5.489594 6.456339 7.423084 8.389829 9.356573 10.323318 11.290063 12.256808 13.223553 14.190298 15.157042
0.659661 1.626406 2.593151 3.559896 4.526640 5.493385 6.460130 7.426875 8.393620 9.360365 10.327109 11.293854 12.260599 13.227344 14.194089 15.160834
0.663452 1.630197 2.596942 3.563687 4.530432 5.497176 6.463921 7.430666 8.397411 9.364156 10.330901 11.297645 12.264390 13.231135 14.197880 15.164625
0.667243 1.633988 2.600733 3.567478 4.534223 5.500968 6.467712 7.434457 8.401202 9.367947 10.334692 11.301437 12.268181 13.234926 14.201671 15.168416
0.671035 1.637779 2.604524 3.571269 4.538014 5.504759 6.471504 7.438248 8.404993 9.371738 10.338483 11.305228 12.271973 13.238717 14.205462 15.172207
0.674826 1.641571 2.608315 3.575060 4.541805 5.508550 6.475295 7.442040 8.408784 9.375529 10.342274 11.309019 12.275764 13.242509 14.209253 15.175998
0.678617 1.645362 2.612107 3.578851 4.545596 5.512341 6.479086 7.445831 8.412576 9.379320 10.346065 11.312810 12.279555 13.246300 14.213044 15.179789
0.682408 1.649153 2.615898 3.582643 4.549387 5.516132 6.482877 7.449622 8.416367 9.383112 10.349856 11.316601 12.283346 13.250091 14.216836 15.183580
0.686199 1.652944 2.619689 3.586434 4.553179 5.519923 6.486668 7.453413 8.420158 9.386903 10.353648 11.320392 12.287137 13.253882 14.220627 15.187372
0.689990 1.656735 2.623480 3.590225 4.556970 5.523715 6.490459 7.457204 8.423949 9.390694 10.357439 11.324183 12.290928 13.257673 14.224418 15.191163
0.693782 1.660526 2.627271 3.594016 4.560761 5.527506 6.494251 7.460995 8.427740 9.394485 10.361230 11.327975 12.294719 13.261464 14.228209 15.194954
0.697573 1.664318 2.631062 3.597807 4.564552 5.531297 6.498042 7.464787 8.431531 9.398276 10.365021 11.331766 12.298511 13.265255 14.232000 15.198745
0.701364 1.668109 2.634854 3.601598 4.568343 5.535088 6.501833 7.468578 8.435322 9.402067 10.368812 11.335557 12.302302 13.269047 14.235791 15.202536
0.705155 1.671900 2.638645 3.605390 4.572134 5.538879 6.505624 7.472369 8.439114 9.405858 10.372603 11.339348 12.306093 13.272838 14.239583 15.206327
0.708946 1.675691 2.642436 3.609181 4.575926 5.542670 6.509415 7.476160 8.442905 9.409650 10.376394 11.343139 12.309884 13.276629 14.243374 15.210119
0.712737 1.679482 2.646227 3.612972 4.579717 5.546461 6.513206 7.479951 8.446696 9.413441 10.380186 11.346930 12.313675 13.280420 14.247165 15.213910
0.716529 1.683273 2.650018 3.616763 4.583508 5.550253 6.516997 7.483742 8.450487 9.417232 10.383977 11.350722 12.317466 13.284211 14.250956 15.217701
0.720320 1.687064 2.653809 3.620554 4.587299 5.554044 6.520789 7.487533 8.454278 9.421023 10.387768 11.354513 12.321258 13.288002 14.254747 15.221492
0.724111 1.690856 2.657600 3.624345 4.591090 5.557835 6.524580 7.491325 8.458069 9.424814 10.391559 11.358304 12.325049 13.291794 14.258538 15.225283
0.727902 1.694647 2.661392 3.628136 4.594881 5.561626 6.528371 7.495116 8.461861 9.428605 10.395350 11.362095 12.328840 13.295585 14.262330 15.229074
0.731693 1.698438 2.665183 3.631928 4.598672 5.565417 6.532162 7.498907 8.465652 9.432397 10.399141 11.365886 12.332631 13.299376 14.266121 15.232866
0.735484 1.702229 2.668974 3.635719 4.602464 5.569208 6.535953 7.502698 8.469443 9.436188 10.402933 11.369677 12.336422 13.303167 14.269912 15.236657
0.739275 1.706020 2.672765 3.639510 4.606255 5.573000 6.539744 7.506489 8.473234 9.439979 10.406724 11.373469 12.340213 13.306958 14.273703 15.240448
0.743067 1.709811 2.676556 3.643301 4.610046 5.576791 6.543536 7.510280 8.477025 9.443770 10.410515 11.377260 12.344005 13.310749 14.277494 15.244239
0.746858 1.713603 2.680347 3.647092 4.613837 5.580582 6.547327 7.514072 8.480816 9.447561 10.414306 11.381051 12.347796 13.314540 14.281285 15.248030
0.750649 1.717394 2.684139 3.650883 4.617628 5.584373 6.551118 7.517863 8.484608 9.451352 10.418097 11.384842 12.351587 13.318332 14.285076 15.251821
0.754440 1.721185 2.687930 3.654675 4.621419 5.588164 6.554909 7.521654 8.488399 9.455144 10.421888 11.388633 12.355378 13.322123 14.288868 15.255612
0.758231 1.724976 2.691721 3.658466 4.625211 5.591955 6.558700 7.525445 8.492190 9.458935 10.425679 11.392424 12.359169 13.325914 14.292659 15.259404
0.762022 1.728767 2.695512 3.662257 4.629002 5.595747 6.562491 7.529236 8.495981 9.462726 10.429471 11.396215 12.362960 13.329705 14.296450 15.263195
0.765814 1.732558 2.699303 3.666048 4.632793 5.599538 6.566282 7.533027 8.499772 9.466517 10.433262 11.400007 12.366751 13.333496 14.300241 15.266986
0.769605 1.736350 2.703094 3.669839 4.636584 5.603329 6.570074 7.536818 8.503563 9.470308 10.437053 11.403798 12.370543 13.337287 14.304032 15.270777
0.773396 1.740141 2.706886 3.673630 4.640375 5.607120 6.573865 7.540610 8.507354 9.474099 10.440844 11.407589 12.374334 13.341079 14.307823 15.274568
0.777187 1.743932 2.710677 3.677421 4.644166 5.610911 6.577656 7.544401 8.511146 9.477890 10.444635 11.411380 12.378125 13.344870 14.311615 15.278359
0.780978 1.747723 2.714468 3.681213 4.647957 5.614702 6.581447 7.548192 8.514937 9.481682 10.448426 11.415171 12.381916 13.348661 14.315406 15.282151
0.784769 1.751514 2.718259 3.685004 4.651749 5.618493 6.585238 7.551983 8.518728 9.485473 10.452218 11.418962 12.385707 13.352452 14.319197 15.285942
0.788560 1.755305 2.722050 3.688795 4.655540 5.622285 6.589029 7.555774 8.522519 9.489264 10.456009 11.422754 12.389498 13.356243 14.322988 15.289733
0.792352 1.759096 2.725841 3.692586 4.659331 5.626076 6.592821 7.559565 8.526310 9.493055 10.459800 11.426545 12.393290 13.360034 14.326779 15.293524
0.796143 1.762888 2.729632 3.696377 4.663122 5.629867 6.596612 7.563357 8.530101 9.496846 10.463591 11.430336 12.397081 13.363826 14.330570 15.297315
0.799934 1.766679 2.733424 3.700168 4.666913 5.633658 6.600403 7.567148 8.533893 9.500637 10.467382 11.434127 12.400872 13.367617 14.334361 15.301106
0.803725 1.770470 2.737215 3.703960 4.670704 5.637449 6.604194 7.570939 8.537684 9.504429 10.471173 11.437918 12.404663 13.371408 14.338153 15.304897
0.807516 1.774261 2.741006 3.707751 4.674496 5.641240 6.607985 7.574730 8.541475 9.508220 10.474965 11.441709 12.408454 13.375199 14.341944 15.308689
0.811307 1.778052 2.744797 3.711542 4.678287 5.645032 6.611776 7.578521 8.545266 9.512011 10.478756 11.445500 12.412245 13.378990 14.345735 15.312480
0.815099 1.781843 2.748588 3.715333 4.682078 5.648823 6.615568 7.582312 8.549057 9.515802 10.482547 11.449292 12.416036 13.382781 14.349526 15.316271
0.818890 1.785635 2.752379 3.719124 4.685869 5.652614 6.619359 7.586104 8.552848 9.519593 10.486338 11.453083 12.419828 13.386572 14.353317 15.320062
0.822681 1.789426 2.756171 3.722915 4.689660 5.656405 6.623150 7.589895 8.556639 9.523384 10.490129 11.456874 12.423619 13.390364 14.357108 15.323853
0.826472 1.793217 2.759962 3.726707 4.693451 5.660196 6.626941 7.593686 8.560431 9.527175 10.493920 11.460665 12.427410 13.394155 14.360900 15.327644
0.830263 1.797008 2.763753 3.730498 4.697243 5.663987 6.630732 7.597477 8.564222 9.530967 10.497711 11.464456 12.431201 13.397946 14.364691 15.331436
0.834054 1.800799 2.767544 3.734289 4.701034 5.667778 6.634523 7.601268 8.568013 9.534758 10.501503 11.468247 12.434992 13.401737 14.368482 15.335227
0.837846 1.804590 2.771335 3.738080 4.704825 5.671570 6.638314 7.605059 8.571804 9.538549 10.505294 11.472039 12.438783 13.405528 14.372273 15.339018
0.841637 1.808381 2.775126 3.741871 4.708616 5.675361 6.642106 7.608850 8.575595 9.542340 10.509085 11.475830 12.442575 13.409319 14.376064 15.342809
0.845428 1.812173 2.778917 3.745662 4.712407 5.679152 6.645897 7.612642 8.579386 9.546131 10.512876 11.479621 12.446366 13.413111 14.379855 15.346600
0.849219 1.815964 2.782709 3.749453 4.716198 5.682943 6.649688 7.616433 8.583178 9.549922 10.516667 11.483412 12.450157 13.416902 14.383647 15.350391
0.853010 1.819755 2.786500 3.753245 4.719989 5.686734 6.653479 7.620224 8.586969 9.553714 10.520458 11.487203 12.453948 13.420693 14.387438 15.354183
0.856801 1.823546 2.790291 3.757036 4.723781 5.690525 6.657270 7.624015 8.590760 9.557505 10.524250 11.490994 12.457739 13.424484 14.391229 15.357974
0.860592 1.827337 2.794082 3.760827 4.727572 5.694317 6.661061 7.627806 8.594551 9.561296 10.528041 11.494786 12.461530 13.428275 14.395020 15.361765
0.864384 1.831128 2.797873 3.764618 4.731363 5.698108 6.664853 7.631597 8.598342 9.565087 10.531832 11.498577 12.465322 13.432066 14.398811 15.365556
0.868175 1.834920 2.801664 3.768409 4.735154 5.701899 6.668644 7.635389 8.602133 9.568878 10.535623 11.502368 12.469113 13.435857 14.402602 15.369347
0.871966 1.838711 2.805456 3.772200 4.738945 5.705690 6.672435 7.639180 8.605925 9.572669 10.539414 11.506159 12.472904 13.439649 14.406393 15.373138
0.875757 1.842502 2.809247 3.775992 4.742736 5.709481 6.676226 7.642971 8.609716 9.576460 10.543205 11.509950 12.476695 13.443440 14.410185 15.376929
0.879548 1.846293 2.813038 3.779783 4.746528 5.713272 6.680017 7.646762 8.613507 9.580252 10.546996 11.513741 12.480486 13.447231 14.413976 15.380721
0.883339 1.850084 2.816829 3.783574 4.750319 5.717064 6.683808 7.650553 8.617298 9.584043 10.550788 11.517532 12.484277 13.451022 14.417767 15.384512
0.887131 1.853875 2.820620 3.787365 4.754110 5.720855 6.687599 7.654344 8.621089 9.587834 10.554579 11.521324 12.488068 13.454813 14.421558 15.388303
0.890922 1.857667 2.824411 3.791156 4.757901 5.724646 6.691391 7.658135 8.624880 9.591625 10.558370 11.525115 12.491860 13.458604 14.425349 15.392094
0.894713 1.861458 2.828203 3.794947 4.761692 5.728437 6.695182 7.661927 8.628671 9.595416 10.562161 11.528906 12.495651 13.462396 14.429140 15.395885
0.898504 1.865249 2.831994 3.798738 4.765483 5.732228 6.698973 7.665718 8.632463 9.599207 10.565952 11.532697 12.499442 13.466187 14.432932 15.399676
0.902295 1.869040 2.835785 3.802530 4.769274 5.736019 6.702764 7.669509 8.636254 9.602999 10.569743 11.536488 12.503233 13.469978 14.436723 15.403468
0.906086 1.872831 2.839576 3.806321 4.773066 5.739810 6.706555 7.673300 8.640045 9.606790 10.573535 11.540279 12.507024 13.473769 14.440514 15.407259
0.909877 1.876622 2.843367 3.810112 4.776857 5.743602 6.710346 7.677091 8.643836 9.610581 10.577326 11.544071 12.510815 13.477560 14.444305 15.411050
0.913669 1.880413 2.847158 3.813903 4.780648 5.747393 6.714138 7.680882 8.647627 9.614372 10.581117 11.547862 12.514607 13.481351 14.448096 15.414841
0.917460 1.884205 2.850949 3.817694 4.784439 5.751184 6.717929 7.684674 8.651418 9.618163 10.584908 11.551653 12.518398 13.485143 14.451887 15.418632
0.921251 1.887996 2.854741 3.821485 4.788230 5.754975 6.721720 7.688465 8.655210 9.621954 10.588699 11.555444 12.522189 13.488934 14.455678 15.422423
0.925042 1.891787 2.858532 3.825277 4.792021 5.758766 6.725511 7.692256 8.659001 9.625746 10.592490 11.559235 12.525980 13.492725 14.459470 15.426214
0.928833 1.895578 2.862323 3.829068 4.795813 5.762557 6.729302 7.696047 8.662792 9.629537 10.596282 11.563026 12.529771 13.496516 14.463261 15.430006
0.932624 1.899369 2.866114 3.832859 4.799604 5.766349 6.733093 7.699838 8.666583 9.633328 10.600073 11.566817 12.533562 13.500307 14.467052 15.433797
0.936416 1.903160 2.869905 3.836650 4.803395 5.770140 6.736885 7.703629 8.670374 9.637119 10.603864 11.570609 12.537353 13.504098 14.470843 15.437588
0.940207 1.906952 2.873696 3.840441 4.807186 5.773931 6.740676 7.707421 8.674165 9.640910 10.607655 11.574400 12.541145 13.507889 14.474634 15.441379
0.943998 1.910743 2.877488 3.844232 4.810977 5.777722 6.744467 7.711212 8.677956 9.644701 10.611446 11.578191 12.544936 13.511681 14.478425 15.445170
0.947789 1.914534 2.881279 3.848024 4.814768 5.781513 6.748258 7.715003 8.681748 9.648492 10.615237 11.581982 12.548727 13.515472 14.482217 15.448961
0.951580 1.918325 2.885070 3.851815 4.818559 5.785304 6.752049 7.718794 8.685539 9.652284 10.619028 11.585773 12.552518 13.519263 14.486008 15.452753
0.955371 1.922116 2.888861 3.855606 4.822351 5.789095 6.755840 7.722585 8.689330 9.656075 10.622820 11.589564 12.556309 13.523054 14.489799 15.456544
0.959163 1.925907 2.892652 3.859397 4.826142 5.792887 6.759631 7.726376 8.693121 9.659866 10.626611 11.593356 12.560100 13.526845 14.493590 15.460335
0.962954 1.929698 2.896443 3.863188 4.829933 5.796678 6.763423 7.730167 8.696912 9.663657 10.630402 11.597147 12.563892 13.530636 14.497381 15.464126
0.966745 1.933490 2.900234 3.866979 4.833724 5.800469 6.767214 7.733959 8.700703 9.667448 10.634193 11.600938 12.567683 13.534428 14.501172 15.467917

Temp_E =
0.998090
0.997861
0.997598
0.997295
0.996945
0.996539
0.996068
0.995518
0.994875
0.994121
0.993233
0.992185
0.990943
0.989468
0.987712
0.985616
0.983110
0.980108
0.976510
0.972198
0.967034
0.960862
0.953510
0.944793
0.934525
0.922529
0.908653
0.892793
0.874909
0.855044
0.833333
0.809999
0.785341
0.759713
0.733490
0.707047
0.680728
0.654831
0.629598
0.605214
0.581810
0.559468
0.538230
0.951218
0.959785
0.966503
0.971868
0.976210
0.979759
0.982684
0.985113
0.987141
0.988845
0.990284
0.991504
0.992544
0.993433
0.994198
0.994857
0.995427
0.995923

Tot_Int_Pts = 59

Tot_TSteps = 1400

Tot_X_Pts = 61

U2_in =
0.579000 0.000000 0.000000 0.000000 0.000000 0.000000 0.000000 0.000000 0.000000 0.000000 0.000000 0.000000 0.000000 0.000000 0.000000 0.000000 0.000000
0.579000 0.000000 0.000000 0.000000 0.000000 0.000000 0.000000 0.000000 0.000000 0.000000 0.000000 0.000000 0.000000 0.000000 0.000000 0.000000 0.000000
0.579000 0.000000 0.000000 0.000000 0.000000 0.000000 0.000000 0.000000 0.000000 0.000000 0.000000 0.000000 0.000000 0.000000 0.000000 0.000000 0.000000
0.579000 0.000000 0.000000 0.000000 0.000000 0.000000 0.000000 0.000000 0.000000 0.000000 0.000000 0.000000 0.000000 0.000000 0.000000 0.000000 0.000000
0.579000 0.000000 0.000000 0.000000 0.000000 0.000000 0.000000 0.000000 0.000000 0.000000 0.000000 0.000000 0.000000 0.000000 0.000000 0.000000 0.000000
0.579000 0.000000 0.000000 0.000000 0.000000 0.000000 0.000000 0.000000 0.000000 0.000000 0.000000 0.000000 0.000000 0.000000 0.000000 0.000000 0.000000
0.579000 0.000000 0.000000 0.000000 0.000000 0.000000 0.000000 0.000000 0.000000 0.000000 0.000000 0.000000 0.000000 0.000000 0.000000 0.000000 0.000000
0.579000 0.000000 0.000000 0.000000 0.000000 0.000000 0.000000 0.000000 0.000000 0.000000 0.000000 0.000000 0.000000 0.000000 0.000000 0.000000 0.000000
0.579000 0.000000 0.000000 0.000000 0.000000 0.000000 0.000000 0.000000 0.000000 0.000000 0.000000 0.000000 0.000000 0.000000 0.000000 0.000000 0.000000
0.579000 0.000000 0.000000 0.000000 0.000000 0.000000 0.000000 0.000000 0.000000 0.000000 0.000000 0.000000 0.000000 0.000000 0.000000 0.000000 0.000000
0.579000 0.000000 0.000000 0.000000 0.000000 0.000000 0.000000 0.000000 0.000000 0.000000 0.000000 0.000000 0.000000 0.000000 0.000000 0.000000 0.000000
0.579000 0.000000 0.000000 0.000000 0.000000 0.000000 0.000000 0.000000 0.000000 0.000000 0.000000 0.000000 0.000000 0.000000 0.000000 0.000000 0.000000
0.579000 0.000000 0.000000 0.000000 0.000000 0.000000 0.000000 0.000000 0.000000 0.000000 0.000000 0.000000 0.000000 0.000000 0.000000 0.000000 0.000000
0.579000 0.000000 0.000000 0.000000 0.000000 0.000000 0.000000 0.000000 0.000000 0.000000 0.000000 0.000000 0.000000 0.000000 0.000000 0.000000 0.000000
0.579000 0.000000 0.000000 0.000000 0.000000 0.000000 0.000000 0.000000 0.000000 0.000000 0.000000 0.000000 0.000000 0.000000 0.000000 0.000000 0.000000
0.579000 0.000000 0.000000 0.000000 0.000000 0.000000 0.000000 0.000000 0.000000 0.000000 0.000000 0.000000 0.000000 0.000000 0.000000 0.000000 0.000000
0.579000 0.000000 0.000000 0.000000 0.000000 0.000000 0.000000 0.000000 0.000000 0.000000 0.000000 0.000000 0.000000 0.000000 0.000000 0.000000 0.000000
0.579000 0.000000 0.000000 0.000000 0.000000 0.000000 0.000000 0.000000 0.000000 0.000000 0.000000 0.000000 0.000000 0.000000 0.000000 0.000000 0.000000
0.579000 0.000000 0.000000 0.000000 0.000000 0.000000 0.000000 0.000000 0.000000 0.000000 0.000000 0.000000 0.000000 0.000000 0.000000 0.000000 0.000000
0.579000 0.000000 0.000000 0.000000 0.000000 0.000000 0.000000 0.000000 0.000000 0.000000 0.000000 0.000000 0.000000 0.000000 0.000000 0.000000 0.000000
0.579000 0.000000 0.000000 0.000000 0.000000 0.000000 0.000000 0.000000 0.000000 0.000000 0.000000 0.000000 0.000000 0.000000 0.000000 0.000000 0.000000
0.579000 0.000000 0.000000 0.000000 0.000000 0.000000 0.000000 0.000000 0.000000 0.000000 0.000000 0.000000 0.000000 0.000000 0.000000 0.000000 0.000000
0.579000 0.000000 0.000000 0.000000 0.000000 0.000000 0.000000 0.000000 0.000000 0.000000 0.000000 0.000000 0.000000 0.000000 0.000000 0.000000 0.000000
0.579000 0.000000 0.000000 0.000000 0.000000 0.000000 0.000000 0.000000 0.000000 0.000000 0.000000 0.000000 0.000000 0.000000 0.000000 0.000000 0.000000
0.579000 0.000000 0.000000 0.000000 0.000000 0.000000 0.000000 0.000000 0.000000 0.000000 0.000000 0.000000 0.000000 0.000000 0.000000 0.000000 0.000000
0.579000 0.000000 0.000000 0.000000 0.000000 0.000000 0.000000 0.000000 0.000000 0.000000 0.000000 0.000000 0.000000 0.000000 0.000000 0.000000 0.000000
0.579000 0.000000 0.000000 0.000000 0.000000 0.000000 0.000000 0.000000 0.000000 0.000000 0.000000 0.000000 0.000000 0.000000 0.000000 0.000000 0.000000
0.579000 0.000000 0.000000 0.000000 0.000000 0.000000 0.000000 0.000000 0.000000 0.000000 0.000000 0.000000 0.000000 0.000000 0.000000 0.000000 0.000000
0.579000 0.000000 0.000000 0.000000 0.000000 0.000000 0.000000 0.000000 0.000000 0.000000 0.000000 0.000000 0.000000 0.000000 0.000000 0.000000 0.000000
0.579000 0.000000 0.000000 0.000000 0.000000 0.000000 0.000000 0.000000 0.000000 0.000000 0.000000 0.000000 0.000000 0.000000 0.000000 0.000000 0.000000
0.579000 0.000000 0.000000 0.000000 0.000000 0.000000 0.000000 0.000000 0.000000 0.000000 0.000000 0.000000 0.000000 0.000000 0.000000 0.000000 0.000000
0.579000 0.000000 0.000000 0.000000 0.000000 0.000000 0.000000 0.000000 0.000000 0.000000 0.000000 0.000000 0.000000 0.000000 0.000000 0.000000 0.000000
0.579000 0.000000 0.000000 0.000000 0.000000 0.000000 0.000000 0.000000 0.000000 0.000000 0.000000 0.000000 0.000000 0.000000 0.000000 0.000000 0.000000
0.579000 0.000000 0.000000 0.000000 0.000000 0.000000 0.000000 0.000000 0.000000 0.000000 0.000000 0.000000 0.000000 0.000000 0.000000 0.000000 0.000000
0.579000 0.000000 0.000000 0.000000 0.000000 0.000000 0.000000 0.000000 0.000000 0.000000 0.000000 0.000000 0.000000 0.000000 0.000000 0.000000 0.000000
0.579000 0.000000 0.000000 0.000000 0.000000 0.000000 0.000000 0.000000 0.000000 0.000000 0.000000 0.000000 0.000000 0.000000 0.000000 0.000000 0.000000
0.579000 0.000000 0.000000 0.000000 0.000000 0.000000 0.000000 0.000000 0.000000 0.000000 0.000000 0.000000 0.000000 0.000000 0.000000 0.000000 0.000000
0.579000 0.000000 0.000000 0.000000 0.000000 0.000000 0.000000 0.000000 0.000000 0.000000 0.000000 0.000000 0.000000 0.000000 0.000000 0.000000 0.000000
0.579000 0.000000 0.000000 0.000000 0.000000 0.000000 0.000000 0.000000 0.000000 0.000000 0.000000 0.000000 0.000000 0.000000 0.000000 0.000000 0.000000
0.579000 0.000000 0.000000 0.000000 0.000000 0.000000 0.000000 0.000000 0.000000 0.000000 0.000000 0.000000 0.000000 0.000000 0.000000 0.000000 0.000000
0.579000 0.000000 0.000000 0.000000 0.000000 0.000000 0.000000 0.000000 0.000000 0.000000 0.000000 0.000000 0.000000 0.000000 0.000000 0.000000 0.000000
0.579000 0.000000 0.000000 0.000000 0.000000 0.000000 0.000000 0.000000 0.000000 0.000000 0.000000 0.000000 0.000000 0.000000 0.000000 0.000000 0.000000
0.579000 0.000000 0.000000 0.000000 0.000000 0.000000 0.000000 0.000000 0.000000 0.000000 0.000000 0.000000 0.000000 0.000000 0.000000 0.000000 0.000000
0.579000 0.000000 0.000000 0.000000 0.000000 0.000000 0.000000 0.000000 0.000000 0.000000 0.000000 0.000000 0.000000 0.000000 0.000000 0.000000 0.000000
0.579000 0.000000 0.000000 0.000000 0.000000 0.000000 0.000000 0.000000 0.000000 0.000000 0.000000 0.000000 0.000000 0.000000 0.000000 0.000000 0.000000
0.579000 0.000000 0.000000 0.000000 0.000000 0.000000 0.000000 0.000000 0.000000 0.000000 0.000000 0.000000 0.000000 0.000000 0.000000 0.000000 0.000000
0.579000 0.000000 0.000000 0.000000 0.000000 0.000000 0.000000 0.000000 0.000000 0.000000 0.000000 0.000000 0.000000 0.000000 0.000000 0.000000 0.000000
0.579000 0.000000 0.000000 0.000000 0.000000 0.000000 0.000000 0.000000 0.000000 0.000000 0.000000 0.000000 0.000000 0.000000 0.000000 0.000000 0.000000
0.579000 0.000000 0.000000 0.000000 0.000000 0.000000 0.000000 0.000000 0.000000 0.000000 0.000000 0.000000 0.000000 0.000000 0.000000 0.000000 0.000000
0.579000 0.000000 0.000000 0.000000 0.000000 0.000000 0.000000 0.000000 0.000000 0.000000 0.000000 0.000000 0.000000 0.000000 0.000000 0.000000 0.000000
0.579000 0.000000 0.000000 0.000000 0.000000 0.000000 0.000000 0.000000 0.000000 0.000000 0.000000 0.000000 0.000000 0.000000 0.000000 0.000000 0.000000
0.579000 0.000000 0.000000 0.000000 0.000000 0.000000 0.000000 0.000000 0.000000 0.000000 0.000000 0.000000 0.000000 0.000000 0.000000 0.000000 0.000000
0.579000 0.000000 0.000000 0.000000 0.000000 0.000000 0.000000 0.000000 0.000000 0.000000 0.000000 0.000000 0.000000 0.000000 0.000000 0.000000 0.000000
0.579000 0.000000 0.000000 0.000000 0.000000 0.000000 0.000000 0.000000 0.000000 0.000000 0.000000 0.000000 0.000000 0.000000 0.000000 0.000000 0.000000
0.579000 0.000000 0.000000 0.000000 0.000000 0.000000 0.000000 0.000000 0.000000 0.000000 0.000000 0.000000 0.000000 0.000000 0.000000 0.000000 0.000000
0.579000 0.000000 0.000000 0.000000 0.000000 0.000000 0.000000 0.000000 0.000000 0.000000 0.000000 0.000000 0.000000 0.000000 0.000000 0.000000 0.000000
0.579000 0.000000 0.000000 0.000000 0.000000 0.000000 0.000000 0.000000 0.000000 0.000000 0.000000 0.000000 0.000000 0.000000 0.000000 0.000000 0.000000
0.579000 0.000000 0.000000 0.000000 0.000000 0.000000 0.000000 0.000000 0.000000 0.000000 0.000000 0.000000 0.000000 0.000000 0.000000 0.000000 0.000000
0.579000 0.000000 0.000000 0.000000 0.000000 0.000000 0.000000 0.000000 0.000000 0.000000 0.000000 0.000000 0.000000 0.000000 0.000000 0.000000 0.000000
0.579000 0.000000 0.000000 0.000000 0.000000 0.000000 0.000000 0.000000 0.000000 0.000000 0.000000 0.000000 0.000000 0.000000 0.000000 0.000000 0.000000
0.579000 0.000000 0.000000 0.000000 0.000000 0.000000 0.000000 0.000000 0.000000 0.000000 0.000000 0.000000 0.000000 0.000000 0.000000 0.000000 0.000000

Vel_E =
0.097727
0.103424
0.109600
0.116306
0.123601
0.131547
0.140219
0.149697
0.160072
0.171449
0.183941
0.197678
0.212803
0.229475
0.247870
0.268178
0.290607
0.315375
0.342710
0.372842
0.405995
0.442370
0.482133
0.525390
0.572166
0.622379
0.675822
0.732145
0.790858
0.851339
0.912871
0.974682
1.035999
1.096101
1.154361
1.210274
1.263471
1.313715
1.360886
1.404966
1.446012
1.484136
1.519489
0.493873
0.448414
0.409250
0.375047
0.344895
0.318130
0.294244
0.272832
0.253564
0.236168
0.220414
0.206109
0.193085
0.181199
0.170327
0.160362
0.151208
0.142784

x =
0.000000
0.050000
0.100000
0.150000
0.200000
0.250000
0.300000
0.350000
0.400000
0.450000
0.500000
0.550000
0.600000
0.650000
0.700000
0.750000
0.800000
0.850000
0.900000
0.950000
1.000000
1.050000
1.100000
1.150000
1.200000
1.250000
1.300000
1.350000
1.400000
1.450000
1.500000
1.550000
1.600000
1.650000
1.700000
1.750000
1.800000
1.850000
1.900000
1.950000
2.000000
2.050000
2.100000
2.150000
2.200000
2.250000
2.300000
2.350000
2.400000
2.450000
2.500000
2.550000
2.600000
2.650000
2.700000
2.750000
2.800000
2.850000
2.900000
2.950000
3.000000

x_max = 3.0

x_min = 0

