1.000000
0.997860
0.997598
0.997295
0.996945
0.996539
0.996068
0.995518
0.994875
0.994121
0.993233
0.992185
0.990943
0.989468
0.987712
0.985616
0.983109
0.980107
0.976509
0.972197
0.967031
0.960860
0.953508
0.944787
0.934524
0.922521
0.908647
0.892786
0.874900
0.855041
0.833322
0.809987
0.785342
0.759709
0.733475
0.707040
0.680735
0.654827
0.629590
0.605215
0.581815
0.559471
0.542078
0.951230
0.959786
0.966503
0.971868
0.976210
0.979759
0.982684
0.985112
0.987141
0.988845
0.990284
0.991504
0.992544
0.993433
0.994198
0.994857
0.995413
0.997731
