
Del_x = 0.0500


A = 5.9500    5.6255    5.3120    5.0095    4.7180    4.4375    4.1680    3.9095    3.6620    3.4255    3.2000    2.9855    2.7820    2.5895    2.4080    2.2375

  Columns 17 through 32

    2.0780    1.9295    1.7920    1.6655    1.5500    1.4455    1.3520    1.2695    1.1980    1.1375    1.0880    1.0495    1.0220    1.0055    1.0000    1.0055

  Columns 33 through 48

    1.0220    1.0495    1.0880    1.1375    1.1980    1.2695    1.3520    1.4455    1.5500    1.6655    1.7920    1.9295    2.0780    2.2375    2.4080    2.5895

  Columns 49 through 61

    2.7820    2.9855    3.2000    3.4255    3.6620    3.9095    4.1680    4.4375    4.7180    5.0095    5.3120    5.6255    5.9500


Mach_E =

  Columns 1 through 16

    0.0978    0.1035    0.1097    0.1165    0.1238    0.1318    0.1405    0.1500    0.1605    0.1720    0.1846    0.1985    0.2138    0.2307    0.2494    0.2701

  Columns 17 through 32

    0.2931    0.3186    0.3468    0.3781    0.4129    0.4513    0.4937    0.5405    0.5919    0.6480    0.7090    0.7749    0.8455    0.9207    1.0000    1.0830

  Columns 33 through 48

    1.1690    1.2576    1.3479    1.4393    1.5314    1.6234    1.7151    1.8060    1.8958    1.9842    2.0712    0.5064    0.4577    0.4163    0.3804    0.3491

  Columns 49 through 61

    0.3214    0.2968    0.2749    0.2552    0.2375    0.2215    0.2070    0.1938    0.1818    0.1708    0.1608    0.1516    0.1431


Mrho_E =

  Columns 1 through 16

    0.9952    0.9947    0.9940    0.9933    0.9924    0.9914    0.9902    0.9888    0.9872    0.9854    0.9832    0.9806    0.9775    0.9739    0.9696    0.9644

  Columns 17 through 32

    0.9583    0.9510    0.9423    0.9319    0.9196    0.9050    0.8878    0.8676    0.8443    0.8174    0.7870    0.7531    0.7160    0.6760    0.6339    0.5905

  Columns 33 through 48

    0.5466    0.5031    0.4608    0.4204    0.3823    0.3470    0.3145    0.2850    0.2582    0.2341    0.2125    0.6073    0.6211    0.6320    0.6408    0.6480

  Columns 49 through 61

    0.6539    0.6588    0.6628    0.6663    0.6691    0.6716    0.6736    0.6754    0.6769    0.6782    0.6794    0.6803    0.6812


Press_E =

  Columns 1 through 16

    0.9933    0.9925    0.9916    0.9906    0.9893    0.9879    0.9863    0.9844    0.9822    0.9796    0.9765    0.9729    0.9687    0.9636    0.9576    0.9506

  Columns 17 through 32

    0.9421    0.9321    0.9202    0.9060    0.8893    0.8696    0.8465    0.8197    0.7890    0.7541    0.7151    0.6724    0.6264    0.5780    0.5283    0.4783

  Columns 33 through 48

    0.4292    0.3822    0.3380    0.2972    0.2603    0.2272    0.1980    0.1725    0.1502    0.1310    0.1144    0.5777    0.5961    0.6108    0.6228    0.6326

  Columns 49 through 61

    0.6406    0.6474    0.6530    0.6577    0.6617    0.6651    0.6679    0.6704    0.6725    0.6743    0.6759    0.6772    0.6784


Temp_E =

  Columns 1 through 16

    0.9981    0.9979    0.9976    0.9973    0.9969    0.9965    0.9961    0.9955    0.9949    0.9941    0.9932    0.9922    0.9909    0.9895    0.9877    0.9856

  Columns 17 through 32

    0.9831    0.9801    0.9765    0.9722    0.9670    0.9609    0.9535    0.9448    0.9345    0.9225    0.9087    0.8928    0.8749    0.8550    0.8333    0.8100

  Columns 33 through 48

    0.7853    0.7597    0.7335    0.7070    0.6807    0.6548    0.6296    0.6052    0.5818    0.5595    0.5382    0.9512    0.9598    0.9665    0.9719    0.9762

  Columns 49 through 61

    0.9798    0.9827    0.9851    0.9871    0.9888    0.9903    0.9915    0.9925    0.9934    0.9942    0.9949    0.9954    0.9959


Vel_E =

  Columns 1 through 16

    0.0977    0.1034    0.1096    0.1163    0.1236    0.1315    0.1402    0.1497    0.1601    0.1714    0.1839    0.1977    0.2128    0.2295    0.2479    0.2682

  Columns 17 through 32

    0.2906    0.3154    0.3427    0.3728    0.4060    0.4424    0.4821    0.5254    0.5722    0.6224    0.6758    0.7321    0.7909    0.8513    0.9129    0.9747

  Columns 33 through 48

    1.0360    1.0961    1.1544    1.2103    1.2635    1.3137    1.3609    1.4050    1.4460    1.4841    1.5195    0.4939    0.4484    0.4093    0.3750    0.3449

  Columns 49 through 61

    0.3181    0.2942    0.2728    0.2536    0.2362    0.2204    0.2061    0.1931    0.1812    0.1703    0.1604    0.1512    0.1428


InitVal =

  Columns 1 through 16

    5.9216    5.6255    5.3120    4.8956    4.6908    4.4375    4.1680    3.8636    3.5635    3.4255    3.2000    2.8731    2.7666    2.5479    2.3246    2.1295
    0.5790    0.5790    0.5790    0.5790    0.5790    0.5790    0.5790    0.5790    0.5790    0.5790    0.5790    0.5790    0.5790    0.5790    0.5790    0.5790
   14.8154   13.9707   13.3242   12.1997   11.7771   11.0325   10.4763    9.7197    8.9150    8.6317    8.0439    7.2582    6.9633    6.4253    5.8590    5.3791

  Columns 17 through 32

    1.9541    1.8017    1.7105    1.5408    1.3989    1.3020    1.2145    1.1010    1.0173    0.9393    0.8625    0.7798    0.7317    0.6754    0.6339    0.5872
    0.5790    0.5790    0.5790    0.5790    0.5790    0.5790    0.5790    0.5790    0.5790    0.5790    0.5790    0.5790    0.5790    0.5790    0.5790    0.5790
    4.9013    4.5092    4.3292    3.9309    3.5455    3.3244    3.0701    2.8109    2.6175    2.4065    2.2373    2.0281    1.9358    1.7937    1.6909    1.5947

  Columns 33 through 48

    0.5531    0.5322    0.5105    0.4712    0.4536    0.4362    0.4209    0.4094    0.3962    0.3895    0.3859    1.1741    1.2795    1.4284    1.5472    1.6480
    0.5790    0.5790    0.5790    0.5790    0.5790    0.5790    0.5790    0.5790    0.5790    0.5790    0.5790    0.5790    0.5790    0.5790    0.5790    0.5790
    1.5104    1.4596    1.3967    1.3251    1.2945    1.2566    1.2257    1.1889    1.1699    1.1457    1.1283    3.0152    3.2693    3.6074    3.8790    4.1668

  Columns 49 through 61

    1.8394    1.9376    2.1185    2.2674    2.4792    2.6285    2.8192    3.0156    3.2255    3.3410    3.6684    3.8771    4.1334
    0.5790    0.5790    0.5790    0.5790    0.5790    0.5790    0.5790    0.5790    0.5790    0.5790    0.5790    0.5790    0.5790
    4.6721    4.8879    5.2772    5.6613    6.2005    6.5532    7.0383    7.5890    8.0755    8.3294    9.1244    9.7163   10.2614


n =

    16


N =

   256


t =

    0.0038    0.9827    1.9616    2.9405    3.9194    4.8983    5.8771    6.8560    7.8349    8.8138    9.7927   10.7716   11.7505   12.7294   13.7083   14.6871
    0.0076    0.9865    1.9654    2.9443    3.9232    4.9021    5.8810    6.8599    7.8387    8.8176    9.7965   10.7754   11.7543   12.7332   13.7121   14.6910
    0.0115    0.9904    1.9692    2.9481    3.9270    4.9059    5.8848    6.8637    7.8426    8.8215    9.8003   10.7792   11.7581   12.7370   13.7159   14.6948
    0.0153    0.9942    1.9731    2.9520    3.9308    4.9097    5.8886    6.8675    7.8464    8.8253    9.8042   10.7831   11.7619   12.7408   13.7197   14.6986
    0.0191    0.9980    1.9769    2.9558    3.9347    4.9136    5.8924    6.8713    7.8502    8.8291    9.8080   10.7869   11.7658   12.7447   13.7235   14.7024
    0.0229    1.0018    1.9807    2.9596    3.9385    4.9174    5.8963    6.8752    7.8540    8.8329    9.8118   10.7907   11.7696   12.7485   13.7274   14.7063
    0.0268    1.0057    1.9845    2.9634    3.9423    4.9212    5.9001    6.8790    7.8579    8.8368    9.8156   10.7945   11.7734   12.7523   13.7312   14.7101
    0.0306    1.0095    1.9884    2.9673    3.9461    4.9250    5.9039    6.8828    7.8617    8.8406    9.8195   10.7984   11.7772   12.7561   13.7350   14.7139
    0.0344    1.0133    1.9922    2.9711    3.9500    4.9289    5.9077    6.8866    7.8655    8.8444    9.8233   10.8022   11.7811   12.7600   13.7388   14.7177
    0.0382    1.0171    1.9960    2.9749    3.9538    4.9327    5.9116    6.8905    7.8693    8.8482    9.8271   10.8060   11.7849   12.7638   13.7427   14.7216
    0.0421    1.0209    1.9998    2.9787    3.9576    4.9365    5.9154    6.8943    7.8732    8.8521    9.8309   10.8098   11.7887   12.7676   13.7465   14.7254
    0.0459    1.0248    2.0037    2.9825    3.9614    4.9403    5.9192    6.8981    7.8770    8.8559    9.8348   10.8136   11.7925   12.7714   13.7503   14.7292
    0.0497    1.0286    2.0075    2.9864    3.9653    4.9441    5.9230    6.9019    7.8808    8.8597    9.8386   10.8175   11.7964   12.7752   13.7541   14.7330
    0.0535    1.0324    2.0113    2.9902    3.9691    4.9480    5.9269    6.9057    7.8846    8.8635    9.8424   10.8213   11.8002   12.7791   13.7580   14.7368
    0.0574    1.0362    2.0151    2.9940    3.9729    4.9518    5.9307    6.9096    7.8885    8.8673    9.8462   10.8251   11.8040   12.7829   13.7618   14.7407
    0.0612    1.0401    2.0190    2.9978    3.9767    4.9556    5.9345    6.9134    7.8923    8.8712    9.8501   10.8289   11.8078   12.7867   13.7656   14.7445
    0.0650    1.0439    2.0228    3.0017    3.9806    4.9594    5.9383    6.9172    7.8961    8.8750    9.8539   10.8328   11.8117   12.7905   13.7694   14.7483
    0.0688    1.0477    2.0266    3.0055    3.9844    4.9633    5.9422    6.9210    7.8999    8.8788    9.8577   10.8366   11.8155   12.7944   13.7733   14.7521
    0.0727    1.0515    2.0304    3.0093    3.9882    4.9671    5.9460    6.9249    7.9038    8.8826    9.8615   10.8404   11.8193   12.7982   13.7771   14.7560
    0.0765    1.0554    2.0343    3.0131    3.9920    4.9709    5.9498    6.9287    7.9076    8.8865    9.8654   10.8442   11.8231   12.8020   13.7809   14.7598
    0.0803    1.0592    2.0381    3.0170    3.9959    4.9747    5.9536    6.9325    7.9114    8.8903    9.8692   10.8481   11.8270   12.8058   13.7847   14.7636
    0.0841    1.0630    2.0419    3.0208    3.9997    4.9786    5.9574    6.9363    7.9152    8.8941    9.8730   10.8519   11.8308   12.8097   13.7886   14.7674
    0.0879    1.0668    2.0457    3.0246    4.0035    4.9824    5.9613    6.9402    7.9190    8.8979    9.8768   10.8557   11.8346   12.8135   13.7924   14.7713
    0.0918    1.0707    2.0495    3.0284    4.0073    4.9862    5.9651    6.9440    7.9229    8.9018    9.8806   10.8595   11.8384   12.8173   13.7962   14.7751
    0.0956    1.0745    2.0534    3.0323    4.0111    4.9900    5.9689    6.9478    7.9267    8.9056    9.8845   10.8634   11.8422   12.8211   13.8000   14.7789
    0.0994    1.0783    2.0572    3.0361    4.0150    4.9939    5.9727    6.9516    7.9305    8.9094    9.8883   10.8672   11.8461   12.8250   13.8038   14.7827
    0.1032    1.0821    2.0610    3.0399    4.0188    4.9977    5.9766    6.9555    7.9343    8.9132    9.8921   10.8710   11.8499   12.8288   13.8077   14.7866
    0.1071    1.0860    2.0648    3.0437    4.0226    5.0015    5.9804    6.9593    7.9382    8.9171    9.8959   10.8748   11.8537   12.8326   13.8115   14.7904
    0.1109    1.0898    2.0687    3.0476    4.0264    5.0053    5.9842    6.9631    7.9420    8.9209    9.8998   10.8787   11.8575   12.8364   13.8153   14.7942
    0.1147    1.0936    2.0725    3.0514    4.0303    5.0092    5.9880    6.9669    7.9458    8.9247    9.9036   10.8825   11.8614   12.8403   13.8191   14.7980
    0.1185    1.0974    2.0763    3.0552    4.0341    5.0130    5.9919    6.9708    7.9496    8.9285    9.9074   10.8863   11.8652   12.8441   13.8230   14.8019
    0.1224    1.1012    2.0801    3.0590    4.0379    5.0168    5.9957    6.9746    7.9535    8.9323    9.9112   10.8901   11.8690   12.8479   13.8268   14.8057
    0.1262    1.1051    2.0840    3.0628    4.0417    5.0206    5.9995    6.9784    7.9573    8.9362    9.9151   10.8939   11.8728   12.8517   13.8306   14.8095
    0.1300    1.1089    2.0878    3.0667    4.0456    5.0244    6.0033    6.9822    7.9611    8.9400    9.9189   10.8978   11.8767   12.8555   13.8344   14.8133
    0.1338    1.1127    2.0916    3.0705    4.0494    5.0283    6.0072    6.9860    7.9649    8.9438    9.9227   10.9016   11.8805   12.8594   13.8383   14.8171
    0.1377    1.1165    2.0954    3.0743    4.0532    5.0321    6.0110    6.9899    7.9688    8.9476    9.9265   10.9054   11.8843   12.8632   13.8421   14.8210
    0.1415    1.1204    2.0993    3.0781    4.0570    5.0359    6.0148    6.9937    7.9726    8.9515    9.9304   10.9092   11.8881   12.8670   13.8459   14.8248
    0.1453    1.1242    2.1031    3.0820    4.0609    5.0397    6.0186    6.9975    7.9764    8.9553    9.9342   10.9131   11.8920   12.8708   13.8497   14.8286
    0.1491    1.1280    2.1069    3.0858    4.0647    5.0436    6.0225    7.0013    7.9802    8.9591    9.9380   10.9169   11.8958   12.8747   13.8536   14.8324
    0.1530    1.1318    2.1107    3.0896    4.0685    5.0474    6.0263    7.0052    7.9841    8.9629    9.9418   10.9207   11.8996   12.8785   13.8574   14.8363
    0.1568    1.1357    2.1146    3.0934    4.0723    5.0512    6.0301    7.0090    7.9879    8.9668    9.9457   10.9245   11.9034   12.8823   13.8612   14.8401
    0.1606    1.1395    2.1184    3.0973    4.0761    5.0550    6.0339    7.0128    7.9917    8.9706    9.9495   10.9284   11.9073   12.8861   13.8650   14.8439
    0.1644    1.1433    2.1222    3.1011    4.0800    5.0589    6.0377    7.0166    7.9955    8.9744    9.9533   10.9322   11.9111   12.8900   13.8688   14.8477
    0.1682    1.1471    2.1260    3.1049    4.0838    5.0627    6.0416    7.0205    7.9993    8.9782    9.9571   10.9360   11.9149   12.8938   13.8727   14.8516
    0.1721    1.1510    2.1298    3.1087    4.0876    5.0665    6.0454    7.0243    8.0032    8.9821    9.9609   10.9398   11.9187   12.8976   13.8765   14.8554
    0.1759    1.1548    2.1337    3.1126    4.0914    5.0703    6.0492    7.0281    8.0070    8.9859    9.9648   10.9437   11.9225   12.9014   13.8803   14.8592
    0.1797    1.1586    2.1375    3.1164    4.0953    5.0742    6.0530    7.0319    8.0108    8.9897    9.9686   10.9475   11.9264   12.9053   13.8841   14.8630
    0.1835    1.1624    2.1413    3.1202    4.0991    5.0780    6.0569    7.0358    8.0146    8.9935    9.9724   10.9513   11.9302   12.9091   13.8880   14.8669
    0.1874    1.1663    2.1451    3.1240    4.1029    5.0818    6.0607    7.0396    8.0185    8.9974    9.9762   10.9551   11.9340   12.9129   13.8918   14.8707
    0.1912    1.1701    2.1490    3.1279    4.1067    5.0856    6.0645    7.0434    8.0223    9.0012    9.9801   10.9590   11.9378   12.9167   13.8956   14.8745
    0.1950    1.1739    2.1528    3.1317    4.1106    5.0895    6.0683    7.0472    8.0261    9.0050    9.9839   10.9628   11.9417   12.9206   13.8994   14.8783
    0.1988    1.1777    2.1566    3.1355    4.1144    5.0933    6.0722    7.0511    8.0299    9.0088    9.9877   10.9666   11.9455   12.9244   13.9033   14.8822
    0.2027    1.1815    2.1604    3.1393    4.1182    5.0971    6.0760    7.0549    8.0338    9.0126    9.9915   10.9704   11.9493   12.9282   13.9071   14.8860
    0.2065    1.1854    2.1643    3.1431    4.1220    5.1009    6.0798    7.0587    8.0376    9.0165    9.9954   10.9742   11.9531   12.9320   13.9109   14.8898
    0.2103    1.1892    2.1681    3.1470    4.1259    5.1047    6.0836    7.0625    8.0414    9.0203    9.9992   10.9781   11.9570   12.9358   13.9147   14.8936
    0.2141    1.1930    2.1719    3.1508    4.1297    5.1086    6.0875    7.0663    8.0452    9.0241   10.0030   10.9819   11.9608   12.9397   13.9186   14.8974
    0.2180    1.1968    2.1757    3.1546    4.1335    5.1124    6.0913    7.0702    8.0491    9.0279   10.0068   10.9857   11.9646   12.9435   13.9224   14.9013
    0.2218    1.2007    2.1796    3.1584    4.1373    5.1162    6.0951    7.0740    8.0529    9.0318   10.0107   10.9895   11.9684   12.9473   13.9262   14.9051
    0.2256    1.2045    2.1834    3.1623    4.1412    5.1200    6.0989    7.0778    8.0567    9.0356   10.0145   10.9934   11.9723   12.9511   13.9300   14.9089
    0.2294    1.2083    2.1872    3.1661    4.1450    5.1239    6.1028    7.0816    8.0605    9.0394   10.0183   10.9972   11.9761   12.9550   13.9339   14.9127
    0.2333    1.2121    2.1910    3.1699    4.1488    5.1277    6.1066    7.0855    8.0644    9.0432   10.0221   11.0010   11.9799   12.9588   13.9377   14.9166
    0.2371    1.2160    2.1948    3.1737    4.1526    5.1315    6.1104    7.0893    8.0682    9.0471   10.0260   11.0048   11.9837   12.9626   13.9415   14.9204
    0.2409    1.2198    2.1987    3.1776    4.1564    5.1353    6.1142    7.0931    8.0720    9.0509   10.0298   11.0087   11.9876   12.9664   13.9453   14.9242
    0.2447    1.2236    2.2025    3.1814    4.1603    5.1392    6.1180    7.0969    8.0758    9.0547   10.0336   11.0125   11.9914   12.9703   13.9491   14.9280
    0.2485    1.2274    2.2063    3.1852    4.1641    5.1430    6.1219    7.1008    8.0796    9.0585   10.0374   11.0163   11.9952   12.9741   13.9530   14.9319
    0.2524    1.2313    2.2101    3.1890    4.1679    5.1468    6.1257    7.1046    8.0835    9.0624   10.0412   11.0201   11.9990   12.9779   13.9568   14.9357
    0.2562    1.2351    2.2140    3.1929    4.1717    5.1506    6.1295    7.1084    8.0873    9.0662   10.0451   11.0240   12.0028   12.9817   13.9606   14.9395
    0.2600    1.2389    2.2178    3.1967    4.1756    5.1545    6.1333    7.1122    8.0911    9.0700   10.0489   11.0278   12.0067   12.9856   13.9644   14.9433
    0.2638    1.2427    2.2216    3.2005    4.1794    5.1583    6.1372    7.1161    8.0949    9.0738   10.0527   11.0316   12.0105   12.9894   13.9683   14.9472
    0.2677    1.2466    2.2254    3.2043    4.1832    5.1621    6.1410    7.1199    8.0988    9.0777   10.0565   11.0354   12.0143   12.9932   13.9721   14.9510
    0.2715    1.2504    2.2293    3.2082    4.1870    5.1659    6.1448    7.1237    8.1026    9.0815   10.0604   11.0393   12.0181   12.9970   13.9759   14.9548
    0.2753    1.2542    2.2331    3.2120    4.1909    5.1698    6.1486    7.1275    8.1064    9.0853   10.0642   11.0431   12.0220   13.0009   13.9797   14.9586
    0.2791    1.2580    2.2369    3.2158    4.1947    5.1736    6.1525    7.1313    8.1102    9.0891   10.0680   11.0469   12.0258   13.0047   13.9836   14.9625
    0.2830    1.2618    2.2407    3.2196    4.1985    5.1774    6.1563    7.1352    8.1141    9.0929   10.0718   11.0507   12.0296   13.0085   13.9874   14.9663
    0.2868    1.2657    2.2446    3.2234    4.2023    5.1812    6.1601    7.1390    8.1179    9.0968   10.0757   11.0545   12.0334   13.0123   13.9912   14.9701
    0.2906    1.2695    2.2484    3.2273    4.2062    5.1850    6.1639    7.1428    8.1217    9.1006   10.0795   11.0584   12.0373   13.0161   13.9950   14.9739
    0.2944    1.2733    2.2522    3.2311    4.2100    5.1889    6.1678    7.1466    8.1255    9.1044   10.0833   11.0622   12.0411   13.0200   13.9989   14.9777
    0.2983    1.2771    2.2560    3.2349    4.2138    5.1927    6.1716    7.1505    8.1294    9.1082   10.0871   11.0660   12.0449   13.0238   14.0027   14.9816
    0.3021    1.2810    2.2599    3.2387    4.2176    5.1965    6.1754    7.1543    8.1332    9.1121   10.0910   11.0698   12.0487   13.0276   14.0065   14.9854
    0.3059    1.2848    2.2637    3.2426    4.2215    5.2003    6.1792    7.1581    8.1370    9.1159   10.0948   11.0737   12.0526   13.0314   14.0103   14.9892
    0.3097    1.2886    2.2675    3.2464    4.2253    5.2042    6.1831    7.1619    8.1408    9.1197   10.0986   11.0775   12.0564   13.0353   14.0142   14.9930
    0.3135    1.2924    2.2713    3.2502    4.2291    5.2080    6.1869    7.1658    8.1447    9.1235   10.1024   11.0813   12.0602   13.0391   14.0180   14.9969
    0.3174    1.2963    2.2751    3.2540    4.2329    5.2118    6.1907    7.1696    8.1485    9.1274   10.1063   11.0851   12.0640   13.0429   14.0218   15.0007
    0.3212    1.3001    2.2790    3.2579    4.2367    5.2156    6.1945    7.1734    8.1523    9.1312   10.1101   11.0890   12.0678   13.0467   14.0256   15.0045
    0.3250    1.3039    2.2828    3.2617    4.2406    5.2195    6.1983    7.1772    8.1561    9.1350   10.1139   11.0928   12.0717   13.0506   14.0294   15.0083
    0.3288    1.3077    2.2866    3.2655    4.2444    5.2233    6.2022    7.1811    8.1599    9.1388   10.1177   11.0966   12.0755   13.0544   14.0333   15.0122
    0.3327    1.3116    2.2904    3.2693    4.2482    5.2271    6.2060    7.1849    8.1638    9.1427   10.1215   11.1004   12.0793   13.0582   14.0371   15.0160
    0.3365    1.3154    2.2943    3.2732    4.2520    5.2309    6.2098    7.1887    8.1676    9.1465   10.1254   11.1043   12.0831   13.0620   14.0409   15.0198
    0.3403    1.3192    2.2981    3.2770    4.2559    5.2348    6.2136    7.1925    8.1714    9.1503   10.1292   11.1081   12.0870   13.0659   14.0447   15.0236
    0.3441    1.3230    2.3019    3.2808    4.2597    5.2386    6.2175    7.1964    8.1752    9.1541   10.1330   11.1119   12.0908   13.0697   14.0486   15.0275
    0.3480    1.3269    2.3057    3.2846    4.2635    5.2424    6.2213    7.2002    8.1791    9.1580   10.1368   11.1157   12.0946   13.0735   14.0524   15.0313
    0.3518    1.3307    2.3096    3.2885    4.2673    5.2462    6.2251    7.2040    8.1829    9.1618   10.1407   11.1196   12.0984   13.0773   14.0562   15.0351
    0.3556    1.3345    2.3134    3.2923    4.2712    5.2500    6.2289    7.2078    8.1867    9.1656   10.1445   11.1234   12.1023   13.0812   14.0600   15.0389
    0.3594    1.3383    2.3172    3.2961    4.2750    5.2539    6.2328    7.2116    8.1905    9.1694   10.1483   11.1272   12.1061   13.0850   14.0639   15.0428
    0.3633    1.3421    2.3210    3.2999    4.2788    5.2577    6.2366    7.2155    8.1944    9.1732   10.1521   11.1310   12.1099   13.0888   14.0677   15.0466
    0.3671    1.3460    2.3249    3.3037    4.2826    5.2615    6.2404    7.2193    8.1982    9.1771   10.1560   11.1348   12.1137   13.0926   14.0715   15.0504
    0.3709    1.3498    2.3287    3.3076    4.2865    5.2653    6.2442    7.2231    8.2020    9.1809   10.1598   11.1387   12.1176   13.0964   14.0753   15.0542
    0.3747    1.3536    2.3325    3.3114    4.2903    5.2692    6.2481    7.2269    8.2058    9.1847   10.1636   11.1425   12.1214   13.1003   14.0792   15.0580
    0.3786    1.3574    2.3363    3.3152    4.2941    5.2730    6.2519    7.2308    8.2097    9.1885   10.1674   11.1463   12.1252   13.1041   14.0830   15.0619
    0.3824    1.3613    2.3402    3.3190    4.2979    5.2768    6.2557    7.2346    8.2135    9.1924   10.1713   11.1501   12.1290   13.1079   14.0868   15.0657
    0.3862    1.3651    2.3440    3.3229    4.3018    5.2806    6.2595    7.2384    8.2173    9.1962   10.1751   11.1540   12.1329   13.1117   14.0906   15.0695
    0.3900    1.3689    2.3478    3.3267    4.3056    5.2845    6.2634    7.2422    8.2211    9.2000   10.1789   11.1578   12.1367   13.1156   14.0945   15.0733
    0.3938    1.3727    2.3516    3.3305    4.3094    5.2883    6.2672    7.2461    8.2250    9.2038   10.1827   11.1616   12.1405   13.1194   14.0983   15.0772
    0.3977    1.3766    2.3554    3.3343    4.3132    5.2921    6.2710    7.2499    8.2288    9.2077   10.1865   11.1654   12.1443   13.1232   14.1021   15.0810
    0.4015    1.3804    2.3593    3.3382    4.3170    5.2959    6.2748    7.2537    8.2326    9.2115   10.1904   11.1693   12.1481   13.1270   14.1059   15.0848
    0.4053    1.3842    2.3631    3.3420    4.3209    5.2998    6.2786    7.2575    8.2364    9.2153   10.1942   11.1731   12.1520   13.1309   14.1097   15.0886
    0.4091    1.3880    2.3669    3.3458    4.3247    5.3036    6.2825    7.2614    8.2402    9.2191   10.1980   11.1769   12.1558   13.1347   14.1136   15.0925
    0.4130    1.3919    2.3707    3.3496    4.3285    5.3074    6.2863    7.2652    8.2441    9.2230   10.2018   11.1807   12.1596   13.1385   14.1174   15.0963
    0.4168    1.3957    2.3746    3.3535    4.3323    5.3112    6.2901    7.2690    8.2479    9.2268   10.2057   11.1846   12.1634   13.1423   14.1212   15.1001
    0.4206    1.3995    2.3784    3.3573    4.3362    5.3151    6.2939    7.2728    8.2517    9.2306   10.2095   11.1884   12.1673   13.1462   14.1250   15.1039
    0.4244    1.4033    2.3822    3.3611    4.3400    5.3189    6.2978    7.2767    8.2555    9.2344   10.2133   11.1922   12.1711   13.1500   14.1289   15.1078
    0.4283    1.4072    2.3860    3.3649    4.3438    5.3227    6.3016    7.2805    8.2594    9.2383   10.2171   11.1960   12.1749   13.1538   14.1327   15.1116
    0.4321    1.4110    2.3899    3.3688    4.3476    5.3265    6.3054    7.2843    8.2632    9.2421   10.2210   11.1999   12.1787   13.1576   14.1365   15.1154
    0.4359    1.4148    2.3937    3.3726    4.3515    5.3303    6.3092    7.2881    8.2670    9.2459   10.2248   11.2037   12.1826   13.1615   14.1403   15.1192
    0.4397    1.4186    2.3975    3.3764    4.3553    5.3342    6.3131    7.2919    8.2708    9.2497   10.2286   11.2075   12.1864   13.1653   14.1442   15.1230
    0.4436    1.4224    2.4013    3.3802    4.3591    5.3380    6.3169    7.2958    8.2747    9.2535   10.2324   11.2113   12.1902   13.1691   14.1480   15.1269
    0.4474    1.4263    2.4052    3.3840    4.3629    5.3418    6.3207    7.2996    8.2785    9.2574   10.2363   11.2151   12.1940   13.1729   14.1518   15.1307
    0.4512    1.4301    2.4090    3.3879    4.3668    5.3456    6.3245    7.3034    8.2823    9.2612   10.2401   11.2190   12.1979   13.1767   14.1556   15.1345
    0.4550    1.4339    2.4128    3.3917    4.3706    5.3495    6.3284    7.3072    8.2861    9.2650   10.2439   11.2228   12.2017   13.1806   14.1595   15.1383
    0.4589    1.4377    2.4166    3.3955    4.3744    5.3533    6.3322    7.3111    8.2900    9.2688   10.2477   11.2266   12.2055   13.1844   14.1633   15.1422
    0.4627    1.4416    2.4205    3.3993    4.3782    5.3571    6.3360    7.3149    8.2938    9.2727   10.2516   11.2304   12.2093   13.1882   14.1671   15.1460
    0.4665    1.4454    2.4243    3.4032    4.3821    5.3609    6.3398    7.3187    8.2976    9.2765   10.2554   11.2343   12.2132   13.1920   14.1709   15.1498
    0.4703    1.4492    2.4281    3.4070    4.3859    5.3648    6.3437    7.3225    8.3014    9.2803   10.2592   11.2381   12.2170   13.1959   14.1748   15.1536
    0.4741    1.4530    2.4319    3.4108    4.3897    5.3686    6.3475    7.3264    8.3052    9.2841   10.2630   11.2419   12.2208   13.1997   14.1786   15.1575
    0.4780    1.4569    2.4357    3.4146    4.3935    5.3724    6.3513    7.3302    8.3091    9.2880   10.2668   11.2457   12.2246   13.2035   14.1824   15.1613
    0.4818    1.4607    2.4396    3.4185    4.3973    5.3762    6.3551    7.3340    8.3129    9.2918   10.2707   11.2496   12.2284   13.2073   14.1862   15.1651
    0.4856    1.4645    2.4434    3.4223    4.4012    5.3801    6.3589    7.3378    8.3167    9.2956   10.2745   11.2534   12.2323   13.2112   14.1900   15.1689
    0.4894    1.4683    2.4472    3.4261    4.4050    5.3839    6.3628    7.3417    8.3205    9.2994   10.2783   11.2572   12.2361   13.2150   14.1939   15.1728
    0.4933    1.4722    2.4510    3.4299    4.4088    5.3877    6.3666    7.3455    8.3244    9.3033   10.2821   11.2610   12.2399   13.2188   14.1977   15.1766
    0.4971    1.4760    2.4549    3.4338    4.4126    5.3915    6.3704    7.3493    8.3282    9.3071   10.2860   11.2649   12.2437   13.2226   14.2015   15.1804
    0.5009    1.4798    2.4587    3.4376    4.4165    5.3954    6.3742    7.3531    8.3320    9.3109   10.2898   11.2687   12.2476   13.2265   14.2053   15.1842
    0.5047    1.4836    2.4625    3.4414    4.4203    5.3992    6.3781    7.3570    8.3358    9.3147   10.2936   11.2725   12.2514   13.2303   14.2092   15.1881
    0.5086    1.4875    2.4663    3.4452    4.4241    5.4030    6.3819    7.3608    8.3397    9.3186   10.2974   11.2763   12.2552   13.2341   14.2130   15.1919
    0.5124    1.4913    2.4702    3.4490    4.4279    5.4068    6.3857    7.3646    8.3435    9.3224   10.3013   11.2802   12.2590   13.2379   14.2168   15.1957
    0.5162    1.4951    2.4740    3.4529    4.4318    5.4106    6.3895    7.3684    8.3473    9.3262   10.3051   11.2840   12.2629   13.2417   14.2206   15.1995
    0.5200    1.4989    2.4778    3.4567    4.4356    5.4145    6.3934    7.3722    8.3511    9.3300   10.3089   11.2878   12.2667   13.2456   14.2245   15.2033
    0.5239    1.5027    2.4816    3.4605    4.4394    5.4183    6.3972    7.3761    8.3550    9.3338   10.3127   11.2916   12.2705   13.2494   14.2283   15.2072
    0.5277    1.5066    2.4855    3.4643    4.4432    5.4221    6.4010    7.3799    8.3588    9.3377   10.3166   11.2954   12.2743   13.2532   14.2321   15.2110
    0.5315    1.5104    2.4893    3.4682    4.4471    5.4259    6.4048    7.3837    8.3626    9.3415   10.3204   11.2993   12.2782   13.2570   14.2359   15.2148
    0.5353    1.5142    2.4931    3.4720    4.4509    5.4298    6.4087    7.3875    8.3664    9.3453   10.3242   11.3031   12.2820   13.2609   14.2398   15.2186
    0.5392    1.5180    2.4969    3.4758    4.4547    5.4336    6.4125    7.3914    8.3703    9.3491   10.3280   11.3069   12.2858   13.2647   14.2436   15.2225
    0.5430    1.5219    2.5008    3.4796    4.4585    5.4374    6.4163    7.3952    8.3741    9.3530   10.3319   11.3107   12.2896   13.2685   14.2474   15.2263
    0.5468    1.5257    2.5046    3.4835    4.4624    5.4412    6.4201    7.3990    8.3779    9.3568   10.3357   11.3146   12.2935   13.2723   14.2512   15.2301
    0.5506    1.5295    2.5084    3.4873    4.4662    5.4451    6.4240    7.4028    8.3817    9.3606   10.3395   11.3184   12.2973   13.2762   14.2551   15.2339
    0.5544    1.5333    2.5122    3.4911    4.4700    5.4489    6.4278    7.4067    8.3855    9.3644   10.3433   11.3222   12.3011   13.2800   14.2589   15.2378
    0.5583    1.5372    2.5160    3.4949    4.4738    5.4527    6.4316    7.4105    8.3894    9.3683   10.3471   11.3260   12.3049   13.2838   14.2627   15.2416
    0.5621    1.5410    2.5199    3.4988    4.4776    5.4565    6.4354    7.4143    8.3932    9.3721   10.3510   11.3299   12.3087   13.2876   14.2665   15.2454
    0.5659    1.5448    2.5237    3.5026    4.4815    5.4604    6.4392    7.4181    8.3970    9.3759   10.3548   11.3337   12.3126   13.2915   14.2703   15.2492
    0.5697    1.5486    2.5275    3.5064    4.4853    5.4642    6.4431    7.4220    8.4008    9.3797   10.3586   11.3375   12.3164   13.2953   14.2742   15.2531
    0.5736    1.5525    2.5313    3.5102    4.4891    5.4680    6.4469    7.4258    8.4047    9.3836   10.3624   11.3413   12.3202   13.2991   14.2780   15.2569
    0.5774    1.5563    2.5352    3.5141    4.4929    5.4718    6.4507    7.4296    8.4085    9.3874   10.3663   11.3452   12.3240   13.3029   14.2818   15.2607
    0.5812    1.5601    2.5390    3.5179    4.4968    5.4757    6.4545    7.4334    8.4123    9.3912   10.3701   11.3490   12.3279   13.3068   14.2856   15.2645
    0.5850    1.5639    2.5428    3.5217    4.5006    5.4795    6.4584    7.4373    8.4161    9.3950   10.3739   11.3528   12.3317   13.3106   14.2895   15.2684
    0.5889    1.5677    2.5466    3.5255    4.5044    5.4833    6.4622    7.4411    8.4200    9.3989   10.3777   11.3566   12.3355   13.3144   14.2933   15.2722
    0.5927    1.5716    2.5505    3.5293    4.5082    5.4871    6.4660    7.4449    8.4238    9.4027   10.3816   11.3605   12.3393   13.3182   14.2971   15.2760
    0.5965    1.5754    2.5543    3.5332    4.5121    5.4909    6.4698    7.4487    8.4276    9.4065   10.3854   11.3643   12.3432   13.3220   14.3009   15.2798
    0.6003    1.5792    2.5581    3.5370    4.5159    5.4948    6.4737    7.4525    8.4314    9.4103   10.3892   11.3681   12.3470   13.3259   14.3048   15.2836
    0.6042    1.5830    2.5619    3.5408    4.5197    5.4986    6.4775    7.4564    8.4353    9.4141   10.3930   11.3719   12.3508   13.3297   14.3086   15.2875
    0.6080    1.5869    2.5658    3.5446    4.5235    5.5024    6.4813    7.4602    8.4391    9.4180   10.3969   11.3757   12.3546   13.3335   14.3124   15.2913
    0.6118    1.5907    2.5696    3.5485    4.5274    5.5062    6.4851    7.4640    8.4429    9.4218   10.4007   11.3796   12.3585   13.3373   14.3162   15.2951
    0.6156    1.5945    2.5734    3.5523    4.5312    5.5101    6.4890    7.4678    8.4467    9.4256   10.4045   11.3834   12.3623   13.3412   14.3201   15.2989
    0.6195    1.5983    2.5772    3.5561    4.5350    5.5139    6.4928    7.4717    8.4506    9.4294   10.4083   11.3872   12.3661   13.3450   14.3239   15.3028
    0.6233    1.6022    2.5811    3.5599    4.5388    5.5177    6.4966    7.4755    8.4544    9.4333   10.4122   11.3910   12.3699   13.3488   14.3277   15.3066
    0.6271    1.6060    2.5849    3.5638    4.5427    5.5215    6.5004    7.4793    8.4582    9.4371   10.4160   11.3949   12.3738   13.3526   14.3315   15.3104
    0.6309    1.6098    2.5887    3.5676    4.5465    5.5254    6.5042    7.4831    8.4620    9.4409   10.4198   11.3987   12.3776   13.3565   14.3354   15.3142
    0.6347    1.6136    2.5925    3.5714    4.5503    5.5292    6.5081    7.4870    8.4658    9.4447   10.4236   11.4025   12.3814   13.3603   14.3392   15.3181
    0.6386    1.6175    2.5963    3.5752    4.5541    5.5330    6.5119    7.4908    8.4697    9.4486   10.4274   11.4063   12.3852   13.3641   14.3430   15.3219
    0.6424    1.6213    2.6002    3.5791    4.5579    5.5368    6.5157    7.4946    8.4735    9.4524   10.4313   11.4102   12.3890   13.3679   14.3468   15.3257
    0.6462    1.6251    2.6040    3.5829    4.5618    5.5407    6.5195    7.4984    8.4773    9.4562   10.4351   11.4140   12.3929   13.3718   14.3506   15.3295
    0.6500    1.6289    2.6078    3.5867    4.5656    5.5445    6.5234    7.5023    8.4811    9.4600   10.4389   11.4178   12.3967   13.3756   14.3545   15.3334
    0.6539    1.6328    2.6116    3.5905    4.5694    5.5483    6.5272    7.5061    8.4850    9.4639   10.4427   11.4216   12.4005   13.3794   14.3583   15.3372
    0.6577    1.6366    2.6155    3.5944    4.5732    5.5521    6.5310    7.5099    8.4888    9.4677   10.4466   11.4255   12.4043   13.3832   14.3621   15.3410
    0.6615    1.6404    2.6193    3.5982    4.5771    5.5560    6.5348    7.5137    8.4926    9.4715   10.4504   11.4293   12.4082   13.3871   14.3659   15.3448
    0.6653    1.6442    2.6231    3.6020    4.5809    5.5598    6.5387    7.5176    8.4964    9.4753   10.4542   11.4331   12.4120   13.3909   14.3698   15.3487
    0.6692    1.6480    2.6269    3.6058    4.5847    5.5636    6.5425    7.5214    8.5003    9.4792   10.4580   11.4369   12.4158   13.3947   14.3736   15.3525
    0.6730    1.6519    2.6308    3.6096    4.5885    5.5674    6.5463    7.5252    8.5041    9.4830   10.4619   11.4407   12.4196   13.3985   14.3774   15.3563
    0.6768    1.6557    2.6346    3.6135    4.5924    5.5712    6.5501    7.5290    8.5079    9.4868   10.4657   11.4446   12.4235   13.4023   14.3812   15.3601
    0.6806    1.6595    2.6384    3.6173    4.5962    5.5751    6.5540    7.5328    8.5117    9.4906   10.4695   11.4484   12.4273   13.4062   14.3851   15.3639
    0.6845    1.6633    2.6422    3.6211    4.6000    5.5789    6.5578    7.5367    8.5156    9.4944   10.4733   11.4522   12.4311   13.4100   14.3889   15.3678
    0.6883    1.6672    2.6461    3.6249    4.6038    5.5827    6.5616    7.5405    8.5194    9.4983   10.4772   11.4560   12.4349   13.4138   14.3927   15.3716
    0.6921    1.6710    2.6499    3.6288    4.6077    5.5865    6.5654    7.5443    8.5232    9.5021   10.4810   11.4599   12.4388   13.4176   14.3965   15.3754
    0.6959    1.6748    2.6537    3.6326    4.6115    5.5904    6.5693    7.5481    8.5270    9.5059   10.4848   11.4637   12.4426   13.4215   14.4004   15.3792
    0.6998    1.6786    2.6575    3.6364    4.6153    5.5942    6.5731    7.5520    8.5309    9.5097   10.4886   11.4675   12.4464   13.4253   14.4042   15.3831
    0.7036    1.6825    2.6614    3.6402    4.6191    5.5980    6.5769    7.5558    8.5347    9.5136   10.4925   11.4713   12.4502   13.4291   14.4080   15.3869
    0.7074    1.6863    2.6652    3.6441    4.6229    5.6018    6.5807    7.5596    8.5385    9.5174   10.4963   11.4752   12.4541   13.4329   14.4118   15.3907
    0.7112    1.6901    2.6690    3.6479    4.6268    5.6057    6.5845    7.5634    8.5423    9.5212   10.5001   11.4790   12.4579   13.4368   14.4157   15.3945
    0.7150    1.6939    2.6728    3.6517    4.6306    5.6095    6.5884    7.5673    8.5461    9.5250   10.5039   11.4828   12.4617   13.4406   14.4195   15.3984
    0.7189    1.6978    2.6766    3.6555    4.6344    5.6133    6.5922    7.5711    8.5500    9.5289   10.5077   11.4866   12.4655   13.4444   14.4233   15.4022
    0.7227    1.7016    2.6805    3.6594    4.6382    5.6171    6.5960    7.5749    8.5538    9.5327   10.5116   11.4905   12.4693   13.4482   14.4271   15.4060
    0.7265    1.7054    2.6843    3.6632    4.6421    5.6210    6.5998    7.5787    8.5576    9.5365   10.5154   11.4943   12.4732   13.4521   14.4309   15.4098
    0.7303    1.7092    2.6881    3.6670    4.6459    5.6248    6.6037    7.5826    8.5614    9.5403   10.5192   11.4981   12.4770   13.4559   14.4348   15.4137
    0.7342    1.7131    2.6919    3.6708    4.6497    5.6286    6.6075    7.5864    8.5653    9.5442   10.5230   11.5019   12.4808   13.4597   14.4386   15.4175
    0.7380    1.7169    2.6958    3.6747    4.6535    5.6324    6.6113    7.5902    8.5691    9.5480   10.5269   11.5058   12.4846   13.4635   14.4424   15.4213
    0.7418    1.7207    2.6996    3.6785    4.6574    5.6363    6.6151    7.5940    8.5729    9.5518   10.5307   11.5096   12.4885   13.4674   14.4462   15.4251
    0.7456    1.7245    2.7034    3.6823    4.6612    5.6401    6.6190    7.5979    8.5767    9.5556   10.5345   11.5134   12.4923   13.4712   14.4501   15.4290
    0.7495    1.7283    2.7072    3.6861    4.6650    5.6439    6.6228    7.6017    8.5806    9.5594   10.5383   11.5172   12.4961   13.4750   14.4539   15.4328
    0.7533    1.7322    2.7111    3.6899    4.6688    5.6477    6.6266    7.6055    8.5844    9.5633   10.5422   11.5210   12.4999   13.4788   14.4577   15.4366
    0.7571    1.7360    2.7149    3.6938    4.6727    5.6515    6.6304    7.6093    8.5882    9.5671   10.5460   11.5249   12.5038   13.4826   14.4615   15.4404
    0.7609    1.7398    2.7187    3.6976    4.6765    5.6554    6.6343    7.6131    8.5920    9.5709   10.5498   11.5287   12.5076   13.4865   14.4654   15.4442
    0.7648    1.7436    2.7225    3.7014    4.6803    5.6592    6.6381    7.6170    8.5959    9.5747   10.5536   11.5325   12.5114   13.4903   14.4692   15.4481
    0.7686    1.7475    2.7264    3.7052    4.6841    5.6630    6.6419    7.6208    8.5997    9.5786   10.5575   11.5363   12.5152   13.4941   14.4730   15.4519
    0.7724    1.7513    2.7302    3.7091    4.6880    5.6668    6.6457    7.6246    8.6035    9.5824   10.5613   11.5402   12.5191   13.4979   14.4768   15.4557
    0.7762    1.7551    2.7340    3.7129    4.6918    5.6707    6.6496    7.6284    8.6073    9.5862   10.5651   11.5440   12.5229   13.5018   14.4807   15.4595
    0.7801    1.7589    2.7378    3.7167    4.6956    5.6745    6.6534    7.6323    8.6112    9.5900   10.5689   11.5478   12.5267   13.5056   14.4845   15.4634
    0.7839    1.7628    2.7417    3.7205    4.6994    5.6783    6.6572    7.6361    8.6150    9.5939   10.5728   11.5516   12.5305   13.5094   14.4883   15.4672
    0.7877    1.7666    2.7455    3.7244    4.7032    5.6821    6.6610    7.6399    8.6188    9.5977   10.5766   11.5555   12.5344   13.5132   14.4921   15.4710
    0.7915    1.7704    2.7493    3.7282    4.7071    5.6860    6.6648    7.6437    8.6226    9.6015   10.5804   11.5593   12.5382   13.5171   14.4959   15.4748
    0.7953    1.7742    2.7531    3.7320    4.7109    5.6898    6.6687    7.6476    8.6264    9.6053   10.5842   11.5631   12.5420   13.5209   14.4998   15.4787
    0.7992    1.7781    2.7569    3.7358    4.7147    5.6936    6.6725    7.6514    8.6303    9.6092   10.5880   11.5669   12.5458   13.5247   14.5036   15.4825
    0.8030    1.7819    2.7608    3.7397    4.7185    5.6974    6.6763    7.6552    8.6341    9.6130   10.5919   11.5708   12.5496   13.5285   14.5074   15.4863
    0.8068    1.7857    2.7646    3.7435    4.7224    5.7013    6.6801    7.6590    8.6379    9.6168   10.5957   11.5746   12.5535   13.5324   14.5112   15.4901
    0.8106    1.7895    2.7684    3.7473    4.7262    5.7051    6.6840    7.6629    8.6417    9.6206   10.5995   11.5784   12.5573   13.5362   14.5151   15.4940
    0.8145    1.7934    2.7722    3.7511    4.7300    5.7089    6.6878    7.6667    8.6456    9.6245   10.6033   11.5822   12.5611   13.5400   14.5189   15.4978
    0.8183    1.7972    2.7761    3.7550    4.7338    5.7127    6.6916    7.6705    8.6494    9.6283   10.6072   11.5861   12.5649   13.5438   14.5227   15.5016
    0.8221    1.8010    2.7799    3.7588    4.7377    5.7166    6.6954    7.6743    8.6532    9.6321   10.6110   11.5899   12.5688   13.5477   14.5265   15.5054
    0.8259    1.8048    2.7837    3.7626    4.7415    5.7204    6.6993    7.6782    8.6570    9.6359   10.6148   11.5937   12.5726   13.5515   14.5304   15.5093
    0.8298    1.8086    2.7875    3.7664    4.7453    5.7242    6.7031    7.6820    8.6609    9.6397   10.6186   11.5975   12.5764   13.5553   14.5342   15.5131
    0.8336    1.8125    2.7914    3.7702    4.7491    5.7280    6.7069    7.6858    8.6647    9.6436   10.6225   11.6013   12.5802   13.5591   14.5380   15.5169
    0.8374    1.8163    2.7952    3.7741    4.7530    5.7318    6.7107    7.6896    8.6685    9.6474   10.6263   11.6052   12.5841   13.5629   14.5418   15.5207
    0.8412    1.8201    2.7990    3.7779    4.7568    5.7357    6.7146    7.6934    8.6723    9.6512   10.6301   11.6090   12.5879   13.5668   14.5457   15.5245
    0.8451    1.8239    2.8028    3.7817    4.7606    5.7395    6.7184    7.6973    8.6762    9.6550   10.6339   11.6128   12.5917   13.5706   14.5495   15.5284
    0.8489    1.8278    2.8067    3.7855    4.7644    5.7433    6.7222    7.7011    8.6800    9.6589   10.6378   11.6166   12.5955   13.5744   14.5533   15.5322
    0.8527    1.8316    2.8105    3.7894    4.7683    5.7471    6.7260    7.7049    8.6838    9.6627   10.6416   11.6205   12.5994   13.5782   14.5571   15.5360
    0.8565    1.8354    2.8143    3.7932    4.7721    5.7510    6.7299    7.7087    8.6876    9.6665   10.6454   11.6243   12.6032   13.5821   14.5610   15.5398
    0.8604    1.8392    2.8181    3.7970    4.7759    5.7548    6.7337    7.7126    8.6915    9.6703   10.6492   11.6281   12.6070   13.5859   14.5648   15.5437
    0.8642    1.8431    2.8219    3.8008    4.7797    5.7586    6.7375    7.7164    8.6953    9.6742   10.6531   11.6319   12.6108   13.5897   14.5686   15.5475
    0.8680    1.8469    2.8258    3.8047    4.7835    5.7624    6.7413    7.7202    8.6991    9.6780   10.6569   11.6358   12.6146   13.5935   14.5724   15.5513
    0.8718    1.8507    2.8296    3.8085    4.7874    5.7663    6.7451    7.7240    8.7029    9.6818   10.6607   11.6396   12.6185   13.5974   14.5762   15.5551
    0.8756    1.8545    2.8334    3.8123    4.7912    5.7701    6.7490    7.7279    8.7067    9.6856   10.6645   11.6434   12.6223   13.6012   14.5801   15.5590
    0.8795    1.8584    2.8372    3.8161    4.7950    5.7739    6.7528    7.7317    8.7106    9.6895   10.6683   11.6472   12.6261   13.6050   14.5839   15.5628
    0.8833    1.8622    2.8411    3.8200    4.7988    5.7777    6.7566    7.7355    8.7144    9.6933   10.6722   11.6511   12.6299   13.6088   14.5877   15.5666
    0.8871    1.8660    2.8449    3.8238    4.8027    5.7816    6.7604    7.7393    8.7182    9.6971   10.6760   11.6549   12.6338   13.6127   14.5915   15.5704
    0.8909    1.8698    2.8487    3.8276    4.8065    5.7854    6.7643    7.7432    8.7220    9.7009   10.6798   11.6587   12.6376   13.6165   14.5954   15.5743
    0.8948    1.8737    2.8525    3.8314    4.8103    5.7892    6.7681    7.7470    8.7259    9.7048   10.6836   11.6625   12.6414   13.6203   14.5992   15.5781
    0.8986    1.8775    2.8564    3.8353    4.8141    5.7930    6.7719    7.7508    8.7297    9.7086   10.6875   11.6664   12.6452   13.6241   14.6030   15.5819
    0.9024    1.8813    2.8602    3.8391    4.8180    5.7969    6.7757    7.7546    8.7335    9.7124   10.6913   11.6702   12.6491   13.6280   14.6068   15.5857
    0.9062    1.8851    2.8640    3.8429    4.8218    5.8007    6.7796    7.7584    8.7373    9.7162   10.6951   11.6740   12.6529   13.6318   14.6107   15.5896
    0.9101    1.8889    2.8678    3.8467    4.8256    5.8045    6.7834    7.7623    8.7412    9.7200   10.6989   11.6778   12.6567   13.6356   14.6145   15.5934
    0.9139    1.8928    2.8717    3.8505    4.8294    5.8083    6.7872    7.7661    8.7450    9.7239   10.7028   11.6816   12.6605   13.6394   14.6183   15.5972
    0.9177    1.8966    2.8755    3.8544    4.8333    5.8121    6.7910    7.7699    8.7488    9.7277   10.7066   11.6855   12.6644   13.6432   14.6221   15.6010
    0.9215    1.9004    2.8793    3.8582    4.8371    5.8160    6.7949    7.7737    8.7526    9.7315   10.7104   11.6893   12.6682   13.6471   14.6260   15.6048
    0.9254    1.9042    2.8831    3.8620    4.8409    5.8198    6.7987    7.7776    8.7565    9.7353   10.7142   11.6931   12.6720   13.6509   14.6298   15.6087
    0.9292    1.9081    2.8870    3.8658    4.8447    5.8236    6.8025    7.7814    8.7603    9.7392   10.7181   11.6969   12.6758   13.6547   14.6336   15.6125
    0.9330    1.9119    2.8908    3.8697    4.8486    5.8274    6.8063    7.7852    8.7641    9.7430   10.7219   11.7008   12.6797   13.6585   14.6374   15.6163
    0.9368    1.9157    2.8946    3.8735    4.8524    5.8313    6.8102    7.7890    8.7679    9.7468   10.7257   11.7046   12.6835   13.6624   14.6413   15.6201
    0.9406    1.9195    2.8984    3.8773    4.8562    5.8351    6.8140    7.7929    8.7718    9.7506   10.7295   11.7084   12.6873   13.6662   14.6451   15.6240
    0.9445    1.9234    2.9022    3.8811    4.8600    5.8389    6.8178    7.7967    8.7756    9.7545   10.7334   11.7122   12.6911   13.6700   14.6489   15.6278
    0.9483    1.9272    2.9061    3.8850    4.8638    5.8427    6.8216    7.8005    8.7794    9.7583   10.7372   11.7161   12.6949   13.6738   14.6527   15.6316
    0.9521    1.9310    2.9099    3.8888    4.8677    5.8466    6.8254    7.8043    8.7832    9.7621   10.7410   11.7199   12.6988   13.6777   14.6565   15.6354
    0.9559    1.9348    2.9137    3.8926    4.8715    5.8504    6.8293    7.8082    8.7870    9.7659   10.7448   11.7237   12.7026   13.6815   14.6604   15.6393
    0.9598    1.9387    2.9175    3.8964    4.8753    5.8542    6.8331    7.8120    8.7909    9.7698   10.7486   11.7275   12.7064   13.6853   14.6642   15.6431
    0.9636    1.9425    2.9214    3.9003    4.8791    5.8580    6.8369    7.8158    8.7947    9.7736   10.7525   11.7314   12.7102   13.6891   14.6680   15.6469
    0.9674    1.9463    2.9252    3.9041    4.8830    5.8619    6.8407    7.8196    8.7985    9.7774   10.7563   11.7352   12.7141   13.6930   14.6718   15.6507
    0.9712    1.9501    2.9290    3.9079    4.8868    5.8657    6.8446    7.8235    8.8023    9.7812   10.7601   11.7390   12.7179   13.6968   14.6757   15.6546
    0.9751    1.9540    2.9328    3.9117    4.8906    5.8695    6.8484    7.8273    8.8062    9.7851   10.7639   11.7428   12.7217   13.7006   14.6795   15.6584
    0.9789    1.9578    2.9367    3.9156    4.8944    5.8733    6.8522    7.8311    8.8100    9.7889   10.7678   11.7467   12.7255   13.7044   14.6833   15.6622


hbar =

    0.0038


Tot_Int_Pts =

    59


U2_in =

  Columns 1 through 16

    0.5790         0         0         0         0         0         0         0         0         0         0         0         0         0         0         0
    0.5790         0         0         0         0         0         0         0         0         0         0         0         0         0         0         0
    0.5790         0         0         0         0         0         0         0         0         0         0         0         0         0         0         0
    0.5790         0         0         0         0         0         0         0         0         0         0         0         0         0         0         0
    0.5790         0         0         0         0         0         0         0         0         0         0         0         0         0         0         0
    0.5790         0         0         0         0         0         0         0         0         0         0         0         0         0         0         0
    0.5790         0         0         0         0         0         0         0         0         0         0         0         0         0         0         0
    0.5790         0         0         0         0         0         0         0         0         0         0         0         0         0         0         0
    0.5790         0         0         0         0         0         0         0         0         0         0         0         0         0         0         0
    0.5790         0         0         0         0         0         0         0         0         0         0         0         0         0         0         0
    0.5790         0         0         0         0         0         0         0         0         0         0         0         0         0         0         0
    0.5790         0         0         0         0         0         0         0         0         0         0         0         0         0         0         0
    0.5790         0         0         0         0         0         0         0         0         0         0         0         0         0         0         0
    0.5790         0         0         0         0         0         0         0         0         0         0         0         0         0         0         0
    0.5790         0         0         0         0         0         0         0         0         0         0         0         0         0         0         0
    0.5790         0         0         0         0         0         0         0         0         0         0         0         0         0         0         0
    0.5790         0         0         0         0         0         0         0         0         0         0         0         0         0         0         0
    0.5790         0         0         0         0         0         0         0         0         0         0         0         0         0         0         0
    0.5790         0         0         0         0         0         0         0         0         0         0         0         0         0         0         0
    0.5790         0         0         0         0         0         0         0         0         0         0         0         0         0         0         0
    0.5790         0         0         0         0         0         0         0         0         0         0         0         0         0         0         0
    0.5790         0         0         0         0         0         0         0         0         0         0         0         0         0         0         0
    0.5790         0         0         0         0         0         0         0         0         0         0         0         0         0         0         0
    0.5790         0         0         0         0         0         0         0         0         0         0         0         0         0         0         0
    0.5790         0         0         0         0         0         0         0         0         0         0         0         0         0         0         0
    0.5790         0         0         0         0         0         0         0         0         0         0         0         0         0         0         0
    0.5790         0         0         0         0         0         0         0         0         0         0         0         0         0         0         0
    0.5790         0         0         0         0         0         0         0         0         0         0         0         0         0         0         0
    0.5790         0         0         0         0         0         0         0         0         0         0         0         0         0         0         0
    0.5790         0         0         0         0         0         0         0         0         0         0         0         0         0         0         0
    0.5790         0         0         0         0         0         0         0         0         0         0         0         0         0         0         0
    0.5790         0         0         0         0         0         0         0         0         0         0         0         0         0         0         0
    0.5790         0         0         0         0         0         0         0         0         0         0         0         0         0         0         0
    0.5790         0         0         0         0         0         0         0         0         0         0         0         0         0         0         0
    0.5790         0         0         0         0         0         0         0         0         0         0         0         0         0         0         0
    0.5790         0         0         0         0         0         0         0         0         0         0         0         0         0         0         0
    0.5790         0         0         0         0         0         0         0         0         0         0         0         0         0         0         0
    0.5790         0         0         0         0         0         0         0         0         0         0         0         0         0         0         0
    0.5790         0         0         0         0         0         0         0         0         0         0         0         0         0         0         0
    0.5790         0         0         0         0         0         0         0         0         0         0         0         0         0         0         0
    0.5790         0         0         0         0         0         0         0         0         0         0         0         0         0         0         0
    0.5790         0         0         0         0         0         0         0         0         0         0         0         0         0         0         0
    0.5790         0         0         0         0         0         0         0         0         0         0         0         0         0         0         0
    0.5790         0         0         0         0         0         0         0         0         0         0         0         0         0         0         0
    0.5790         0         0         0         0         0         0         0         0         0         0         0         0         0         0         0
    0.5790         0         0         0         0         0         0         0         0         0         0         0         0         0         0         0
    0.5790         0         0         0         0         0         0         0         0         0         0         0         0         0         0         0
    0.5790         0         0         0         0         0         0         0         0         0         0         0         0         0         0         0
    0.5790         0         0         0         0         0         0         0         0         0         0         0         0         0         0         0
    0.5790         0         0         0         0         0         0         0         0         0         0         0         0         0         0         0
    0.5790         0         0         0         0         0         0         0         0         0         0         0         0         0         0         0
    0.5790         0         0         0         0         0         0         0         0         0         0         0         0         0         0         0
    0.5790         0         0         0         0         0         0         0         0         0         0         0         0         0         0         0
    0.5790         0         0         0         0         0         0         0         0         0         0         0         0         0         0         0
    0.5790         0         0         0         0         0         0         0         0         0         0         0         0         0         0         0
    0.5790         0         0         0         0         0         0         0         0         0         0         0         0         0         0         0
    0.5790         0         0         0         0         0         0         0         0         0         0         0         0         0         0         0
    0.5790         0         0         0         0         0         0         0         0         0         0         0         0         0         0         0
    0.5790         0         0         0         0         0         0         0         0         0         0         0         0         0         0         0
    0.5790         0         0         0         0         0         0         0         0         0         0         0         0         0         0         0
    0.5790         0         0         0         0         0         0         0         0         0         0         0         0         0         0         0

  Column 17

         0
         0
         0
         0
         0
         0
         0
         0
         0
         0
         0
         0
         0
         0
         0
         0
         0
         0
         0
         0
         0
         0
         0
         0
         0
         0
         0
         0
         0
         0
         0
         0
         0
         0
         0
         0
         0
         0
         0
         0
         0
         0
         0
         0
         0
         0
         0
         0
         0
         0
         0
         0
         0
         0
         0
         0
         0
         0
         0
         0
         0


delta1 =

   1.9580e-05


k =

     3


ithroat =

    31


ff0_throat_in =

     0     0     0     0     0     0     0     0     0     0     0     0     0     0     0     0
     0     0     0     0     0     0     0     0     0     0     0     0     0     0     0     0
     0     0     0     0     0     0     0     0     0     0     0     0     0     0     0     0


ff1_throat_in =

     0     0     0     0     0     0     0     0     0     0     0     0     0     0     0     0
     0     0     0     0     0     0     0     0     0     0     0     0     0     0     0     0
     0     0     0     0     0     0     0     0     0     0     0     0     0     0     0     0


ff2_throat_in =

     0     0     0     0     0     0     0     0     0     0     0     0     0     0     0     0
     0     0     0     0     0     0     0     0     0     0     0     0     0     0     0     0
     0     0     0     0     0     0     0     0     0     0     0     0     0     0     0     0