0.088448
0.102487
0.116340
0.119651
0.116960
0.135588
0.139062
0.155525
0.165098
0.180493
0.186108
0.187892
0.214488
0.237960
0.234413
0.275979
0.301425
0.311807
0.331718
0.374978
0.403919
0.450461
0.500126
0.542363
0.589898
0.648023
0.704000
0.783648
0.850261
0.926769
1.001077
1.077893
1.164417
1.258926
1.330666
1.450145
1.540951
1.644314
1.746292
1.796637
1.887218
2.022853
1.859365
0.498800
0.454084
0.427514
0.387887
0.355322
0.322584
0.291152
0.271388
0.247187
0.248248
0.233329
0.199859
0.191283
0.185797
0.175759
0.160947
0.145975
0.134402
