1.000000
0.994888
0.999317
0.980379
0.998986
0.984009
0.995374
0.986014
0.977497
0.967427
0.968837
0.973937
0.978782
0.962276
0.987198
0.973688
0.954278
0.942927
0.954581
0.939773
0.935221
0.913520
0.893725
0.870450
0.839104
0.818643
0.799042
0.750487
0.708451
0.671163
0.634289
0.591397
0.547297
0.508370
0.471748
0.415278
0.380101
0.339927
0.305497
0.290644
0.260237
0.240475
0.221082
0.598737
0.617213
0.621677
0.632368
0.646411
0.644402
0.656848
0.662460
0.666299
0.671534
0.667112
0.662654
0.678389
0.674799
0.673560
0.668558
0.682041
0.692818
