1.000000
0.988665
0.998521
0.976827
0.999159
0.979010
0.990980
0.975616
0.975367
0.964840
0.965656
0.963841
0.975268
0.948150
0.971295
0.947140
0.934210
0.929986
0.938017
0.915475
0.906111
0.880311
0.850574
0.816891
0.790499
0.757524
0.723750
0.663251
0.619571
0.575581
0.528653
0.480888
0.431914
0.386936
0.343187
0.289999
0.258034
0.219172
0.192732
0.178864
0.151514
0.130259
0.131059
0.566001
0.589236
0.602491
0.611545
0.626743
0.626181
0.648551
0.649501
0.661381
0.663733
0.655599
0.662436
0.672720
0.665770
0.672406
0.667817
0.681254
0.678400
