0.993331
0.992532
0.991617
0.990563
0.989347
0.987939
0.986305
0.984401
0.982178
0.979575
0.976516
0.972913
0.968658
0.963622
0.957649
0.950555
0.942121
0.932091
0.920171
0.906027
0.889294
0.869587
0.846521
0.819744
0.788985
0.754102
0.715143
0.672399
0.626426
0.578043
0.528282
0.478295
0.429244
0.382184
0.337971
0.297214
0.260260
0.227223
0.198025
0.172457
0.150222
0.130982
0.114390
0.577666
0.596081
0.610812
0.622762
0.632553
0.640639
0.647359
0.652975
0.657694
0.661675
0.665051
0.667924
0.670378
0.672484
0.674297
0.675863
0.677220
0.678400
