0.001914
0.004125
0.001610
0.000920
0.003239
0.001625
0.000484
0.006092
0.002961
0.003224
0.003507
0.002571
0.005517
0.004192
0.003869
0.013069
0.004210
0.006293
0.006285
0.002002
0.001903
0.002899
0.001879
0.006692
0.008079
0.003048
0.003170
0.010116
0.000418
0.002974
0.000149
0.003875
0.004885
0.001868
0.008194
0.012338
0.002748
0.015377
0.002037
0.016839
0.000694
0.031804
0.101404
0.006196
0.005328
0.002728
0.004935
0.006799
0.008200
0.004768
0.004744
0.005549
0.000466
0.007616
0.008237
0.000908
0.006858
0.004112
0.004056
0.003435
0.016801
