0.095818
0.010118
0.060222
0.027362
0.055176
0.028931
0.010200
0.036604
0.028748
0.049651
0.008355
0.053226
0.003343
0.031499
0.060120
0.021659
0.028430
0.021194
0.043510
0.008350
0.021649
0.001836
0.012919
0.003406
0.003331
0.000059
0.007023
0.011345
0.005623
0.006614
0.001077
0.004697
0.003956
0.001092
0.012756
0.007516
0.006260
0.012857
0.018185
0.005170
0.004501
0.019478
0.102259
0.014965
0.007927
0.026982
0.019586
0.017906
0.003684
0.019113
0.012726
0.031438
0.045271
0.053439
0.034451
0.013029
0.022003
0.028892
0.001069
0.036817
0.060621
