0.006714
0.003896
0.006963
0.013867
0.009918
0.009038
0.004741
0.008925
0.006935
0.015042
0.011121
0.009324
0.006824
0.016056
0.014249
0.003592
0.008396
0.002258
0.019394
0.010428
0.018910
0.012332
0.004788
0.003481
0.001919
0.004538
0.012035
0.013605
0.010943
0.004259
0.000703
0.005420
0.006220
0.012434
0.015432
0.024277
0.008553
0.035431
0.026731
0.037149
0.008597
0.005522
0.145721
0.020193
0.011483
0.013622
0.018011
0.009186
0.022568
0.001842
0.005320
0.005607
0.003110
0.014212
0.008216
0.003492
0.009984
0.002804
0.011904
0.005958
0.000000
