0.004791
0.000229
0.005344
0.012959
0.006657
0.007425
0.005227
0.002851
0.009867
0.018206
0.014577
0.006770
0.001300
0.011914
0.018189
0.009602
0.004205
0.008498
0.013027
0.008408
0.016975
0.009406
0.006680
0.003233
0.006110
0.001485
0.015254
0.003525
0.010530
0.007212
0.000554
0.001539
0.001328
0.010547
0.023822
0.012088
0.005820
0.020367
0.028710
0.019974
0.007897
0.027145
0.040237
0.014085
0.006189
0.016305
0.013141
0.002403
0.014486
0.002912
0.000579
0.000057
0.003578
0.006647
0.016319
0.004404
0.003147
0.006888
0.015895
0.002514
0.017088
