0.094953
0.012162
0.061075
0.026889
0.053647
0.028095
0.010439
0.033442
0.030270
0.051341
0.010122
0.054444
0.006107
0.029335
0.061940
0.014961
0.026263
0.018119
0.040509
0.007358
0.020719
0.000390
0.011967
0.000042
0.000687
0.001582
0.008598
0.006216
0.005413
0.008110
0.001151
0.002771
0.001526
0.002027
0.016809
0.001281
0.004876
0.005039
0.019221
0.003171
0.004156
0.003135
0.057841
0.018021
0.010573
0.028381
0.017067
0.014440
0.000440
0.016778
0.015071
0.028754
0.045028
0.049419
0.030482
0.013477
0.018493
0.031005
0.003097
0.035164
0.068546
