1.000000
0.993745
0.999204
0.996377
1.000174
0.994920
0.995586
0.989454
0.997821
0.997326
0.996717
0.989634
0.996410
0.985320
0.983890
0.972735
0.978971
0.986276
0.982647
0.974145
0.968874
0.963647
0.951718
0.938470
0.942075
0.925341
0.905772
0.883761
0.874543
0.857587
0.833457
0.813138
0.789178
0.761132
0.727480
0.698324
0.678857
0.644761
0.630880
0.615405
0.582214
0.541674
0.592809
0.945325
0.954672
0.969139
0.967072
0.969573
0.971724
0.987369
0.980439
0.992619
0.988384
0.982742
0.999671
0.991643
0.986620
0.998286
0.998892
0.998846
0.979190
