0.579000 0.575606 0.572123 0.568571 0.564969 0.561339 0.557705 0.554088 0.550512 0.547001 0.543580 0.540271 0.537101 0.534091 0.531267 0.528650 0.526264
0.579000 0.578808 0.578569 0.578285 0.577958 0.577589 0.577182 0.576738 0.576262 0.575757 0.575227 0.574677 0.574111 0.573534 0.572953 0.572372 0.571797
0.579000 0.582009 0.585014 0.588000 0.590947 0.593840 0.596659 0.599389 0.602012 0.604513 0.606874 0.609082 0.611121 0.612977 0.614639 0.616093 0.617330
0.579000 0.579264 0.579565 0.579904 0.580278 0.580685 0.581125 0.581594 0.582090 0.582609 0.583149 0.583704 0.584271 0.584845 0.585422 0.585996 0.586563
0.579000 0.576974 0.574939 0.572907 0.570889 0.568894 0.566933 0.565017 0.563156 0.561358 0.559635 0.557994 0.556444 0.554993 0.553649 0.552417 0.551304
0.579000 0.579837 0.580655 0.581457 0.582240 0.583006 0.583755 0.584487 0.585204 0.585907 0.586597 0.587274 0.587942 0.588601 0.589253 0.589900 0.590545
0.579000 0.578811 0.578626 0.578443 0.578262 0.578080 0.577896 0.577708 0.577516 0.577318 0.577112 0.576897 0.576673 0.576437 0.576189 0.575929 0.575656
0.579000 0.580077 0.581153 0.582228 0.583304 0.584380 0.585457 0.586536 0.587616 0.588699 0.589784 0.590872 0.591963 0.593056 0.594152 0.595251 0.596352
0.579000 0.579890 0.580769 0.581633 0.582479 0.583304 0.584104 0.584877 0.585622 0.586335 0.587015 0.587661 0.588272 0.588845 0.589381 0.589879 0.590338
0.579000 0.580349 0.581703 0.583056 0.584402 0.585731 0.587038 0.588315 0.589555 0.590750 0.591895 0.592981 0.594004 0.594956 0.595833 0.596628 0.597338
0.579000 0.578357 0.577768 0.577235 0.576762 0.576351 0.576004 0.575723 0.575507 0.575357 0.575272 0.575252 0.575295 0.575398 0.575559 0.575774 0.576040
0.579000 0.576504 0.573989 0.571468 0.568952 0.566453 0.563984 0.561556 0.559181 0.556872 0.554640 0.552497 0.550454 0.548522 0.546711 0.545031 0.543492
0.579000 0.579804 0.580553 0.581241 0.581862 0.582412 0.582885 0.583280 0.583592 0.583820 0.583961 0.584016 0.583983 0.583862 0.583656 0.583366 0.582995
0.579000 0.579505 0.580050 0.580632 0.581244 0.581881 0.582536 0.583203 0.583875 0.584545 0.585206 0.585850 0.586472 0.587063 0.587616 0.588125 0.588583
0.579000 0.577063 0.575129 0.573206 0.571304 0.569430 0.567591 0.565797 0.564054 0.562369 0.560749 0.559202 0.557732 0.556345 0.555047 0.553842 0.552733
0.579000 0.580168 0.581309 0.582419 0.583495 0.584533 0.585531 0.586485 0.587395 0.588259 0.589076 0.589846 0.590569 0.591244 0.591874 0.592459 0.593001
0.579000 0.579691 0.580427 0.581202 0.582010 0.582842 0.583693 0.584553 0.585414 0.586269 0.587110 0.587928 0.588716 0.589465 0.590168 0.590817 0.591405
0.579000 0.577723 0.576462 0.575223 0.574013 0.572837 0.571701 0.570610 0.569569 0.568581 0.567650 0.566779 0.565970 0.565226 0.564547 0.563935 0.563389
0.579000 0.578075 0.577114 0.576120 0.575099 0.574055 0.572991 0.571915 0.570829 0.569741 0.568654 0.567576 0.566511 0.565465 0.564443 0.563451 0.562494
0.579000 0.579157 0.579300 0.579430 0.579543 0.579639 0.579717 0.579774 0.579810 0.579825 0.579817 0.579786 0.579731 0.579653 0.579551 0.579425 0.579276
0.579000 0.578919 0.578824 0.578714 0.578591 0.578455 0.578307 0.578146 0.577975 0.577795 0.577605 0.577407 0.577202 0.576991 0.576775 0.576556 0.576334
0.579000 0.579571 0.580118 0.580639 0.581129 0.581586 0.582007 0.582390 0.582734 0.583035 0.583294 0.583509 0.583679 0.583804 0.583886 0.583923 0.583919
0.579000 0.579518 0.580076 0.580669 0.581295 0.581949 0.582628 0.583325 0.584037 0.584758 0.585481 0.586201 0.586912 0.587608 0.588282 0.588928 0.589541
0.579000 0.578809 0.578638 0.578491 0.578374 0.578293 0.578250 0.578251 0.578299 0.578397 0.578547 0.578752 0.579012 0.579327 0.579698 0.580123 0.580599
0.579000 0.579007 0.578970 0.578890 0.578769 0.578610 0.578414 0.578187 0.577933 0.577655 0.577360 0.577053 0.576741 0.576429 0.576124 0.575833 0.575563
0.579000 0.579233 0.579473 0.579712 0.579945 0.580165 0.580368 0.580547 0.580699 0.580817 0.580899 0.580941 0.580939 0.580893 0.580801 0.580664 0.580480
0.579000 0.578970 0.578982 0.579035 0.579131 0.579268 0.579444 0.579657 0.579903 0.580179 0.580479 0.580799 0.581133 0.581474 0.581817 0.582154 0.582480
0.579000 0.578911 0.578820 0.578734 0.578658 0.578597 0.578558 0.578544 0.578561 0.578614 0.578707 0.578843 0.579025 0.579256 0.579537 0.579868 0.580249
0.579000 0.578956 0.578883 0.578782 0.578651 0.578493 0.578307 0.578097 0.577864 0.577612 0.577345 0.577067 0.576784 0.576501 0.576223 0.575957 0.575710
0.579000 0.579099 0.579202 0.579305 0.579405 0.579500 0.579586 0.579658 0.579715 0.579750 0.579763 0.579748 0.579704 0.579628 0.579517 0.579371 0.579190
0.579000 0.578949 0.578901 0.578859 0.578827 0.578808 0.578804 0.578817 0.578849 0.578901 0.578971 0.579060 0.579165 0.579284 0.579414 0.579551 0.579691
0.579000 0.579091 0.579144 0.579160 0.579141 0.579090 0.579011 0.578909 0.578790 0.578659 0.578523 0.578389 0.578265 0.578156 0.578069 0.578012 0.577988
0.579000 0.579289 0.579569 0.579828 0.580059 0.580252 0.580400 0.580496 0.580535 0.580511 0.580424 0.580270 0.580052 0.579770 0.579428 0.579032 0.578588
0.579000 0.579200 0.579476 0.579822 0.580230 0.580693 0.581200 0.581741 0.582304 0.582875 0.583443 0.583992 0.584509 0.584981 0.585394 0.585736 0.585993
0.579000 0.578578 0.578217 0.577926 0.577712 0.577583 0.577545 0.577602 0.577758 0.578016 0.578375 0.578835 0.579395 0.580050 0.580796 0.581625 0.582530
0.579000 0.578590 0.578154 0.577698 0.577229 0.576749 0.576267 0.575786 0.575312 0.574851 0.574408 0.573988 0.573598 0.573242 0.572926 0.572657 0.572441
0.579000 0.578828 0.578646 0.578462 0.578285 0.578122 0.577980 0.577863 0.577777 0.577722 0.577701 0.577713 0.577755 0.577825 0.577917 0.578025 0.578141
0.579000 0.578738 0.578358 0.577869 0.577285 0.576621 0.575894 0.575123 0.574330 0.573537 0.572765 0.572037 0.571376 0.570801 0.570331 0.569984 0.569774
0.579000 0.579863 0.580619 0.581246 0.581723 0.582030 0.582153 0.582081 0.581806 0.581326 0.580642 0.579760 0.578691 0.577449 0.576054 0.574527 0.572893
0.579000 0.579606 0.580340 0.581187 0.582129 0.583144 0.584210 0.585301 0.586392 0.587455 0.588465 0.589397 0.590227 0.590933 0.591496 0.591900 0.592134
0.579000 0.578799 0.578647 0.578547 0.578506 0.578524 0.578601 0.578735 0.578921 0.579151 0.579415 0.579701 0.579993 0.580274 0.580524 0.580723 0.580850
0.579000 0.579263 0.579639 0.580130 0.580734 0.581453 0.582285 0.583232 0.584290 0.585459 0.586735 0.588114 0.589589 0.591154 0.592798 0.594511 0.596277
0.579000 0.577430 0.575921 0.574484 0.573132 0.571876 0.570726 0.569694 0.568789 0.568022 0.567401 0.566934 0.566631 0.566498 0.566540 0.566763 0.567169
0.579000 0.578427 0.577721 0.576891 0.575948 0.574901 0.573762 0.572543 0.571258 0.569918 0.568539 0.567135 0.565721 0.564311 0.562923 0.561571 0.560271
0.579000 0.578847 0.578638 0.578368 0.578034 0.577634 0.577167 0.576631 0.576027 0.575356 0.574619 0.573819 0.572961 0.572048 0.571086 0.570081 0.569041
0.579000 0.579740 0.580458 0.581148 0.581805 0.582425 0.583001 0.583529 0.584005 0.584423 0.584779 0.585069 0.585290 0.585438 0.585511 0.585507 0.585425
0.579000 0.579077 0.579177 0.579299 0.579437 0.579589 0.579750 0.579916 0.580083 0.580245 0.580399 0.580538 0.580658 0.580754 0.580821 0.580853 0.580846
0.579000 0.579180 0.579396 0.579648 0.579936 0.580258 0.580616 0.581006 0.581428 0.581880 0.582359 0.582864 0.583391 0.583936 0.584498 0.585070 0.585649
0.579000 0.578235 0.577486 0.576756 0.576047 0.575362 0.574703 0.574073 0.573475 0.572910 0.572381 0.571890 0.571439 0.571030 0.570665 0.570344 0.570070
0.579000 0.578299 0.577589 0.576870 0.576145 0.575414 0.574680 0.573941 0.573201 0.572461 0.571720 0.570980 0.570243 0.569509 0.568780 0.568056 0.567338
0.579000 0.578235 0.577472 0.576716 0.575973 0.575246 0.574542 0.573865 0.573220 0.572610 0.572041 0.571515 0.571037 0.570609 0.570234 0.569914 0.569652
0.579000 0.578265 0.577468 0.576610 0.575694 0.574726 0.573707 0.572644 0.571542 0.570406 0.569243 0.568059 0.566862 0.565659 0.564459 0.563268 0.562096
0.579000 0.581360 0.583694 0.585989 0.588233 0.590412 0.592514 0.594527 0.596439 0.598238 0.599915 0.601460 0.602864 0.604119 0.605218 0.606155 0.606925
0.579000 0.580152 0.581381 0.582685 0.584058 0.585494 0.586988 0.588533 0.590120 0.591742 0.593390 0.595055 0.596725 0.598393 0.600046 0.601674 0.603266
0.579000 0.576893 0.574790 0.572702 0.570642 0.568620 0.566650 0.564742 0.562906 0.561153 0.559492 0.557932 0.556482 0.555148 0.553938 0.552856 0.551907
0.579000 0.578744 0.578455 0.578137 0.577792 0.577425 0.577039 0.576641 0.576236 0.575828 0.575423 0.575028 0.574649 0.574293 0.573964 0.573671 0.573419
0.579000 0.579716 0.580433 0.581145 0.581847 0.582532 0.583195 0.583830 0.584432 0.584996 0.585517 0.585992 0.586417 0.586788 0.587102 0.587357 0.587550
0.579000 0.580014 0.581028 0.582038 0.583040 0.584027 0.584995 0.585938 0.586852 0.587732 0.588573 0.589369 0.590117 0.590812 0.591450 0.592026 0.592537
0.579000 0.578539 0.578083 0.577629 0.577176 0.576723 0.576269 0.575810 0.575347 0.574877 0.574399 0.573911 0.573411 0.572899 0.572372 0.571829 0.571269
0.579000 0.577480 0.575990 0.574533 0.573113 0.571732 0.570392 0.569097 0.567849 0.566650 0.565501 0.564405 0.563363 0.562376 0.561446 0.560573 0.559758
0.579000 0.576421 0.573897 0.571438 0.569050 0.566740 0.564516 0.562384 0.560351 0.558422 0.556603 0.554899 0.553314 0.551853 0.550520 0.549317 0.548247
