d = 3

n = 16

N = 256

hbar = 0.0038

r =2

Del_x = 0.0500

Gamma = 1.4000

Tot_Int_Pts = 59

k = 3

Tot_X_Pts = 61

Shock_Flag = 1

Exit_Pressure = 0.6784

ithroat = 31

a = 0

delta1 = 1.9580e-05

rho = 1

InitVal = 5.9216    5.5277    5.2036    5.0095    4.6398    4.4373    4.0667    3.8907    3.6267    3.3472    3.1245    2.9609    2.7036    2.5376    2.3410    2.1383    1.9753    1.8469    1.7047    1.5347    1.4349    1.3339    1.1876    1.0921    1.0111    0.9285    0.8500    0.7865    0.7427    0.6746    0.6339    0.5858    0.5513    0.5179    0.4945    0.4849    0.4629    0.4455    0.4203    0.4155    0.3958    0.3828    0.3860    1.1821    1.3036    1.4384    1.5315    1.6513    1.8301    1.9910    2.1086    2.2395    2.4067    2.6361    2.8216    3.0443    3.2333    3.4629    3.6592    3.8951    4.0253
          0.5790    0.5790    0.5790    0.5790    0.5790    0.5790    0.5790    0.5790    0.5790    0.5790    0.5790    0.5790    0.5790    0.5790    0.5790    0.5790    0.5790    0.5790    0.5790    0.5790    0.5790    0.5790    0.5790    0.5790    0.5790    0.5790    0.5790    0.5790    0.5790    0.5790    0.5790    0.5790    0.5790    0.5790    0.5790    0.5790    0.5790    0.5790    0.5790    0.5790    0.5790    0.5790    0.5790    0.5790    0.5790    0.5790    0.5790    0.5790    0.5790    0.5790    0.5790    0.5790    0.5790    0.5790    0.5790    0.5790    0.5790    0.5790    0.5790    0.5790    0.5790
          14.8154   13.8614   12.9710   12.4729   11.5613   11.1460   10.2244    9.7870    9.0170    8.3491    7.8260    7.4681    6.7909    6.3570    5.8326    5.3972    5.0029    4.6255    4.3104    3.8573    3.6670    3.3873    3.0487    2.8096    2.5749    2.4102    2.2216    2.0566    1.9368    1.7858    1.6909    1.5816    1.5108    1.4321    1.3893    1.3347    1.2891    1.2507    1.2213    1.1889    1.1718    1.1484    1.1252    3.0319    3.2783    3.6444    3.8677    4.1773    4.5667    4.9820    5.3312    5.6155    6.0377    6.6689    7.0818    7.6870    8.1557    8.7180    9.2121    9.7099   10.0190

A = 5.9500    5.6255    5.3120    5.0095    4.7180    4.4375    4.1680    3.9095    3.6620    3.4255    3.2000    2.9855    2.7820    2.5895    2.4080    2.2375    2.0780    1.9295    1.7920    1.6655    1.5500    1.4455    1.3520    1.2695    1.1980    1.1375    1.0880    1.0495    1.0220    1.0055    1.0000    1.0055    1.0220    1.0495    1.0880    1.1375    1.1980    1.2695    1.3520    1.4455    1.5500    1.6655    1.7920    1.9295    2.0780    2.2375    2.4080    2.5895    2.7820    2.9855    3.2000    3.4255    3.6620    3.9095    4.1680    4.4375    4.7180    5.0095    5.3120    5.6255    5.9500

t = 0.0038    0.9715    1.9391    2.9068    3.8745    4.8422    5.8098    6.7775    7.7452    8.7129    9.6805   10.6482   11.6159   12.5836   13.5513   14.5189
    0.0076    0.9752    1.9429    2.9106    3.8783    4.8459    5.8136    6.7813    7.7490    8.7166    9.6843   10.6520   11.6197   12.5874   13.5550   14.5227
    0.0113    0.9790    1.9467    2.9144    3.8820    4.8497    5.8174    6.7851    7.7528    8.7204    9.6881   10.6558   11.6235   12.5911   13.5588   14.5265
    0.0151    0.9828    1.9505    2.9181    3.8858    4.8535    5.8212    6.7889    7.7565    8.7242    9.6919   10.6596   11.6272   12.5949   13.5626   14.5303
    0.0189    0.9866    1.9543    2.9219    3.8896    4.8573    5.8250    6.7926    7.7603    8.7280    9.6957   10.6633   11.6310   12.5987   13.5664   14.5340
    0.0227    0.9904    1.9580    2.9257    3.8934    4.8611    5.8287    6.7964    7.7641    8.7318    9.6994   10.6671   11.6348   12.6025   13.5702   14.5378
    0.0265    0.9941    1.9618    2.9295    3.8972    4.8648    5.8325    6.8002    7.7679    8.7355    9.7032   10.6709   11.6386   12.6063   13.5739   14.5416
    0.0302    0.9979    1.9656    2.9333    3.9009    4.8686    5.8363    6.8040    7.7717    8.7393    9.7070   10.6747   11.6424   12.6100   13.5777   14.5454
    0.0340    1.0017    1.9694    2.9370    3.9047    4.8724    5.8401    6.8078    7.7754    8.7431    9.7108   10.6785   11.6461   12.6138   13.5815   14.5492
    0.0378    1.0055    1.9732    2.9408    3.9085    4.8762    5.8439    6.8115    7.7792    8.7469    9.7146   10.6822   11.6499   12.6176   13.5853   14.5529
    0.0416    1.0093    1.9769    2.9446    3.9123    4.8800    5.8476    6.8153    7.7830    8.7507    9.7183   10.6860   11.6537   12.6214   13.5891   14.5567
    0.0454    1.0130    1.9807    2.9484    3.9161    4.8837    5.8514    6.8191    7.7868    8.7544    9.7221   10.6898   11.6575   12.6252   13.5928   14.5605
    0.0491    1.0168    1.9845    2.9522    3.9198    4.8875    5.8552    6.8229    7.7906    8.7582    9.7259   10.6936   11.6613   12.6289   13.5966   14.5643
    0.0529    1.0206    1.9883    2.9559    3.9236    4.8913    5.8590    6.8267    7.7943    8.7620    9.7297   10.6974   11.6650   12.6327   13.6004   14.5681
    0.0567    1.0244    1.9921    2.9597    3.9274    4.8951    5.8628    6.8304    7.7981    8.7658    9.7335   10.7011   11.6688   12.6365   13.6042   14.5718
    0.0605    1.0282    1.9958    2.9635    3.9312    4.8989    5.8665    6.8342    7.8019    8.7696    9.7372   10.7049   11.6726   12.6403   13.6080   14.5756
    0.0643    1.0319    1.9996    2.9673    3.9350    4.9026    5.8703    6.8380    7.8057    8.7733    9.7410   10.7087   11.6764   12.6441   13.6117   14.5794
    0.0680    1.0357    2.0034    2.9711    3.9387    4.9064    5.8741    6.8418    7.8095    8.7771    9.7448   10.7125   11.6802   12.6478   13.6155   14.5832
    0.0718    1.0395    2.0072    2.9748    3.9425    4.9102    5.8779    6.8456    7.8132    8.7809    9.7486   10.7163   11.6839   12.6516   13.6193   14.5870
    0.0756    1.0433    2.0110    2.9786    3.9463    4.9140    5.8817    6.8493    7.8170    8.7847    9.7524   10.7200   11.6877   12.6554   13.6231   14.5907
    0.0794    1.0471    2.0147    2.9824    3.9501    4.9178    5.8854    6.8531    7.8208    8.7885    9.7561   10.7238   11.6915   12.6592   13.6269   14.5945
    0.0832    1.0508    2.0185    2.9862    3.9539    4.9215    5.8892    6.8569    7.8246    8.7922    9.7599   10.7276   11.6953   12.6630   13.6306   14.5983
    0.0869    1.0546    2.0223    2.9900    3.9576    4.9253    5.8930    6.8607    7.8284    8.7960    9.7637   10.7314   11.6991   12.6667   13.6344   14.6021
    0.0907    1.0584    2.0261    2.9937    3.9614    4.9291    5.8968    6.8645    7.8321    8.7998    9.7675   10.7352   11.7028   12.6705   13.6382   14.6059
    0.0945    1.0622    2.0299    2.9975    3.9652    4.9329    5.9006    6.8682    7.8359    8.8036    9.7713   10.7389   11.7066   12.6743   13.6420   14.6096
    0.0983    1.0660    2.0336    3.0013    3.9690    4.9367    5.9043    6.8720    7.8397    8.8074    9.7750   10.7427   11.7104   12.6781   13.6458   14.6134
    0.1021    1.0697    2.0374    3.0051    3.9728    4.9404    5.9081    6.8758    7.8435    8.8111    9.7788   10.7465   11.7142   12.6819   13.6495   14.6172
    0.1058    1.0735    2.0412    3.0089    3.9765    4.9442    5.9119    6.8796    7.8473    8.8149    9.7826   10.7503   11.7180   12.6856   13.6533   14.6210
    0.1096    1.0773    2.0450    3.0126    3.9803    4.9480    5.9157    6.8834    7.8510    8.8187    9.7864   10.7541   11.7217   12.6894   13.6571   14.6248
    0.1134    1.0811    2.0488    3.0164    3.9841    4.9518    5.9195    6.8871    7.8548    8.8225    9.7902   10.7578   11.7255   12.6932   13.6609   14.6285
    0.1172    1.0849    2.0525    3.0202    3.9879    4.9556    5.9232    6.8909    7.8586    8.8263    9.7939   10.7616   11.7293   12.6970   13.6647   14.6323
    0.1210    1.0886    2.0563    3.0240    3.9917    4.9593    5.9270    6.8947    7.8624    8.8300    9.7977   10.7654   11.7331   12.7008   13.6684   14.6361
    0.1247    1.0924    2.0601    3.0278    3.9954    4.9631    5.9308    6.8985    7.8662    8.8338    9.8015   10.7692   11.7369   12.7045   13.6722   14.6399
    0.1285    1.0962    2.0639    3.0315    3.9992    4.9669    5.9346    6.9023    7.8699    8.8376    9.8053   10.7730   11.7406   12.7083   13.6760   14.6437
    0.1323    1.1000    2.0677    3.0353    4.0030    4.9707    5.9384    6.9060    7.8737    8.8414    9.8091   10.7767   11.7444   12.7121   13.6798   14.6474
    0.1361    1.1038    2.0714    3.0391    4.0068    4.9745    5.9421    6.9098    7.8775    8.8452    9.8128   10.7805   11.7482   12.7159   13.6836   14.6512
    0.1399    1.1075    2.0752    3.0429    4.0106    4.9782    5.9459    6.9136    7.8813    8.8489    9.8166   10.7843   11.7520   12.7197   13.6873   14.6550
    0.1436    1.1113    2.0790    3.0467    4.0143    4.9820    5.9497    6.9174    7.8851    8.8527    9.8204   10.7881   11.7558   12.7234   13.6911   14.6588
    0.1474    1.1151    2.0828    3.0504    4.0181    4.9858    5.9535    6.9212    7.8888    8.8565    9.8242   10.7919   11.7595   12.7272   13.6949   14.6626
    0.1512    1.1189    2.0866    3.0542    4.0219    4.9896    5.9573    6.9249    7.8926    8.8603    9.8280   10.7956   11.7633   12.7310   13.6987   14.6663
    0.1550    1.1227    2.0903    3.0580    4.0257    4.9934    5.9610    6.9287    7.8964    8.8641    9.8317   10.7994   11.7671   12.7348   13.7025   14.6701
    0.1588    1.1264    2.0941    3.0618    4.0295    4.9971    5.9648    6.9325    7.9002    8.8678    9.8355   10.8032   11.7709   12.7386   13.7062   14.6739
    0.1625    1.1302    2.0979    3.0656    4.0332    5.0009    5.9686    6.9363    7.9040    8.8716    9.8393   10.8070   11.7747   12.7423   13.7100   14.6777
    0.1663    1.1340    2.1017    3.0693    4.0370    5.0047    5.9724    6.9401    7.9077    8.8754    9.8431   10.8108   11.7784   12.7461   13.7138   14.6815
    0.1701    1.1378    2.1055    3.0731    4.0408    5.0085    5.9762    6.9438    7.9115    8.8792    9.8469   10.8145   11.7822   12.7499   13.7176   14.6852
    0.1739    1.1416    2.1092    3.0769    4.0446    5.0123    5.9799    6.9476    7.9153    8.8830    9.8506   10.8183   11.7860   12.7537   13.7214   14.6890
    0.1777    1.1453    2.1130    3.0807    4.0484    5.0160    5.9837    6.9514    7.9191    8.8867    9.8544   10.8221   11.7898   12.7575   13.7251   14.6928
    0.1814    1.1491    2.1168    3.0845    4.0521    5.0198    5.9875    6.9552    7.9229    8.8905    9.8582   10.8259   11.7936   12.7612   13.7289   14.6966
    0.1852    1.1529    2.1206    3.0882    4.0559    5.0236    5.9913    6.9590    7.9266    8.8943    9.8620   10.8297   11.7973   12.7650   13.7327   14.7004
    0.1890    1.1567    2.1244    3.0920    4.0597    5.0274    5.9951    6.9627    7.9304    8.8981    9.8658   10.8334   11.8011   12.7688   13.7365   14.7041
    0.1928    1.1605    2.1281    3.0958    4.0635    5.0312    5.9988    6.9665    7.9342    8.9019    9.8695   10.8372   11.8049   12.7726   13.7403   14.7079
    0.1966    1.1642    2.1319    3.0996    4.0673    5.0349    6.0026    6.9703    7.9380    8.9056    9.8733   10.8410   11.8087   12.7764   13.7440   14.7117
    0.2003    1.1680    2.1357    3.1034    4.0710    5.0387    6.0064    6.9741    7.9418    8.9094    9.8771   10.8448   11.8125   12.7801   13.7478   14.7155
    0.2041    1.1718    2.1395    3.1071    4.0748    5.0425    6.0102    6.9779    7.9455    8.9132    9.8809   10.8486   11.8162   12.7839   13.7516   14.7193
    0.2079    1.1756    2.1433    3.1109    4.0786    5.0463    6.0140    6.9816    7.9493    8.9170    9.8847   10.8523   11.8200   12.7877   13.7554   14.7230
    0.2117    1.1794    2.1470    3.1147    4.0824    5.0501    6.0177    6.9854    7.9531    8.9208    9.8884   10.8561   11.8238   12.7915   13.7592   14.7268
    0.2155    1.1831    2.1508    3.1185    4.0862    5.0538    6.0215    6.9892    7.9569    8.9245    9.8922   10.8599   11.8276   12.7953   13.7629   14.7306
    0.2192    1.1869    2.1546    3.1223    4.0899    5.0576    6.0253    6.9930    7.9607    8.9283    9.8960   10.8637   11.8314   12.7990   13.7667   14.7344
    0.2230    1.1907    2.1584    3.1260    4.0937    5.0614    6.0291    6.9968    7.9644    8.9321    9.8998   10.8675   11.8351   12.8028   13.7705   14.7382
    0.2268    1.1945    2.1622    3.1298    4.0975    5.0652    6.0329    7.0005    7.9682    8.9359    9.9036   10.8712   11.8389   12.8066   13.7743   14.7419
    0.2306    1.1983    2.1659    3.1336    4.1013    5.0690    6.0366    7.0043    7.9720    8.9397    9.9073   10.8750   11.8427   12.8104   13.7781   14.7457
    0.2344    1.2020    2.1697    3.1374    4.1051    5.0727    6.0404    7.0081    7.9758    8.9434    9.9111   10.8788   11.8465   12.8142   13.7818   14.7495
    0.2381    1.2058    2.1735    3.1412    4.1088    5.0765    6.0442    7.0119    7.9796    8.9472    9.9149   10.8826   11.8503   12.8179   13.7856   14.7533
    0.2419    1.2096    2.1773    3.1449    4.1126    5.0803    6.0480    7.0157    7.9833    8.9510    9.9187   10.8864   11.8540   12.8217   13.7894   14.7571
    0.2457    1.2134    2.1811    3.1487    4.1164    5.0841    6.0518    7.0194    7.9871    8.9548    9.9225   10.8901   11.8578   12.8255   13.7932   14.7608
    0.2495    1.2172    2.1848    3.1525    4.1202    5.0879    6.0555    7.0232    7.9909    8.9586    9.9262   10.8939   11.8616   12.8293   13.7970   14.7646
    0.2533    1.2209    2.1886    3.1563    4.1240    5.0916    6.0593    7.0270    7.9947    8.9623    9.9300   10.8977   11.8654   12.8331   13.8007   14.7684
    0.2570    1.2247    2.1924    3.1601    4.1277    5.0954    6.0631    7.0308    7.9985    8.9661    9.9338   10.9015   11.8692   12.8368   13.8045   14.7722
    0.2608    1.2285    2.1962    3.1638    4.1315    5.0992    6.0669    7.0346    8.0022    8.9699    9.9376   10.9053   11.8729   12.8406   13.8083   14.7760
    0.2646    1.2323    2.2000    3.1676    4.1353    5.1030    6.0707    7.0383    8.0060    8.9737    9.9414   10.9090   11.8767   12.8444   13.8121   14.7797
    0.2684    1.2361    2.2037    3.1714    4.1391    5.1068    6.0744    7.0421    8.0098    8.9775    9.9451   10.9128   11.8805   12.8482   13.8159   14.7835
    0.2722    1.2398    2.2075    3.1752    4.1429    5.1105    6.0782    7.0459    8.0136    8.9812    9.9489   10.9166   11.8843   12.8520   13.8196   14.7873
    0.2759    1.2436    2.2113    3.1790    4.1466    5.1143    6.0820    7.0497    8.0174    8.9850    9.9527   10.9204   11.8881   12.8557   13.8234   14.7911
    0.2797    1.2474    2.2151    3.1827    4.1504    5.1181    6.0858    7.0535    8.0211    8.9888    9.9565   10.9242   11.8918   12.8595   13.8272   14.7949
    0.2835    1.2512    2.2189    3.1865    4.1542    5.1219    6.0896    7.0572    8.0249    8.9926    9.9603   10.9279   11.8956   12.8633   13.8310   14.7986
    0.2873    1.2550    2.2226    3.1903    4.1580    5.1257    6.0933    7.0610    8.0287    8.9964    9.9640   10.9317   11.8994   12.8671   13.8348   14.8024
    0.2911    1.2587    2.2264    3.1941    4.1618    5.1294    6.0971    7.0648    8.0325    9.0001    9.9678   10.9355   11.9032   12.8709   13.8385   14.8062
    0.2948    1.2625    2.2302    3.1979    4.1655    5.1332    6.1009    7.0686    8.0363    9.0039    9.9716   10.9393   11.9070   12.8746   13.8423   14.8100
    0.2986    1.2663    2.2340    3.2016    4.1693    5.1370    6.1047    7.0724    8.0400    9.0077    9.9754   10.9431   11.9107   12.8784   13.8461   14.8138
    0.3024    1.2701    2.2378    3.2054    4.1731    5.1408    6.1085    7.0761    8.0438    9.0115    9.9792   10.9468   11.9145   12.8822   13.8499   14.8175
    0.3062    1.2739    2.2415    3.2092    4.1769    5.1446    6.1122    7.0799    8.0476    9.0153    9.9829   10.9506   11.9183   12.8860   13.8537   14.8213
    0.3100    1.2776    2.2453    3.2130    4.1807    5.1483    6.1160    7.0837    8.0514    9.0190    9.9867   10.9544   11.9221   12.8898   13.8574   14.8251
    0.3137    1.2814    2.2491    3.2168    4.1844    5.1521    6.1198    7.0875    8.0552    9.0228    9.9905   10.9582   11.9259   12.8935   13.8612   14.8289
    0.3175    1.2852    2.2529    3.2205    4.1882    5.1559    6.1236    7.0913    8.0589    9.0266    9.9943   10.9620   11.9296   12.8973   13.8650   14.8327
    0.3213    1.2890    2.2567    3.2243    4.1920    5.1597    6.1274    7.0950    8.0627    9.0304    9.9981   10.9657   11.9334   12.9011   13.8688   14.8364
    0.3251    1.2928    2.2604    3.2281    4.1958    5.1635    6.1311    7.0988    8.0665    9.0342   10.0018   10.9695   11.9372   12.9049   13.8726   14.8402
    0.3289    1.2965    2.2642    3.2319    4.1996    5.1672    6.1349    7.1026    8.0703    9.0379   10.0056   10.9733   11.9410   12.9087   13.8763   14.8440
    0.3326    1.3003    2.2680    3.2357    4.2033    5.1710    6.1387    7.1064    8.0741    9.0417   10.0094   10.9771   11.9448   12.9124   13.8801   14.8478
    0.3364    1.3041    2.2718    3.2394    4.2071    5.1748    6.1425    7.1102    8.0778    9.0455   10.0132   10.9809   11.9485   12.9162   13.8839   14.8516
    0.3402    1.3079    2.2756    3.2432    4.2109    5.1786    6.1463    7.1139    8.0816    9.0493   10.0170   10.9846   11.9523   12.9200   13.8877   14.8553
    0.3440    1.3117    2.2793    3.2470    4.2147    5.1824    6.1500    7.1177    8.0854    9.0531   10.0207   10.9884   11.9561   12.9238   13.8915   14.8591
    0.3478    1.3154    2.2831    3.2508    4.2185    5.1861    6.1538    7.1215    8.0892    9.0568   10.0245   10.9922   11.9599   12.9276   13.8952   14.8629
    0.3515    1.3192    2.2869    3.2546    4.2222    5.1899    6.1576    7.1253    8.0930    9.0606   10.0283   10.9960   11.9637   12.9313   13.8990   14.8667
    0.3553    1.3230    2.2907    3.2583    4.2260    5.1937    6.1614    7.1291    8.0967    9.0644   10.0321   10.9998   11.9674   12.9351   13.9028   14.8705
    0.3591    1.3268    2.2945    3.2621    4.2298    5.1975    6.1652    7.1328    8.1005    9.0682   10.0359   11.0035   11.9712   12.9389   13.9066   14.8742
    0.3629    1.3306    2.2982    3.2659    4.2336    5.2013    6.1689    7.1366    8.1043    9.0720   10.0396   11.0073   11.9750   12.9427   13.9104   14.8780
    0.3667    1.3343    2.3020    3.2697    4.2374    5.2050    6.1727    7.1404    8.1081    9.0757   10.0434   11.0111   11.9788   12.9465   13.9141   14.8818
    0.3704    1.3381    2.3058    3.2735    4.2411    5.2088    6.1765    7.1442    8.1119    9.0795   10.0472   11.0149   11.9826   12.9502   13.9179   14.8856
    0.3742    1.3419    2.3096    3.2772    4.2449    5.2126    6.1803    7.1480    8.1156    9.0833   10.0510   11.0187   11.9863   12.9540   13.9217   14.8894
    0.3780    1.3457    2.3134    3.2810    4.2487    5.2164    6.1841    7.1517    8.1194    9.0871   10.0548   11.0224   11.9901   12.9578   13.9255   14.8931
    0.3818    1.3495    2.3171    3.2848    4.2525    5.2202    6.1878    7.1555    8.1232    9.0909   10.0585   11.0262   11.9939   12.9616   13.9293   14.8969
    0.3856    1.3532    2.3209    3.2886    4.2563    5.2239    6.1916    7.1593    8.1270    9.0946   10.0623   11.0300   11.9977   12.9654   13.9330   14.9007
    0.3893    1.3570    2.3247    3.2924    4.2600    5.2277    6.1954    7.1631    8.1308    9.0984   10.0661   11.0338   12.0015   12.9691   13.9368   14.9045
    0.3931    1.3608    2.3285    3.2961    4.2638    5.2315    6.1992    7.1669    8.1345    9.1022   10.0699   11.0376   12.0052   12.9729   13.9406   14.9083
    0.3969    1.3646    2.3323    3.2999    4.2676    5.2353    6.2030    7.1706    8.1383    9.1060   10.0737   11.0413   12.0090   12.9767   13.9444   14.9120
    0.4007    1.3684    2.3360    3.3037    4.2714    5.2391    6.2067    7.1744    8.1421    9.1098   10.0774   11.0451   12.0128   12.9805   13.9481   14.9158
    0.4045    1.3721    2.3398    3.3075    4.2752    5.2428    6.2105    7.1782    8.1459    9.1135   10.0812   11.0489   12.0166   12.9843   13.9519   14.9196
    0.4082    1.3759    2.3436    3.3113    4.2789    5.2466    6.2143    7.1820    8.1497    9.1173   10.0850   11.0527   12.0204   12.9880   13.9557   14.9234
    0.4120    1.3797    2.3474    3.3150    4.2827    5.2504    6.2181    7.1858    8.1534    9.1211   10.0888   11.0565   12.0241   12.9918   13.9595   14.9272
    0.4158    1.3835    2.3512    3.3188    4.2865    5.2542    6.2219    7.1895    8.1572    9.1249   10.0926   11.0602   12.0279   12.9956   13.9633   14.9309
    0.4196    1.3873    2.3549    3.3226    4.2903    5.2580    6.2256    7.1933    8.1610    9.1287   10.0963   11.0640   12.0317   12.9994   13.9670   14.9347
    0.4234    1.3910    2.3587    3.3264    4.2941    5.2617    6.2294    7.1971    8.1648    9.1324   10.1001   11.0678   12.0355   13.0032   13.9708   14.9385
    0.4271    1.3948    2.3625    3.3302    4.2978    5.2655    6.2332    7.2009    8.1686    9.1362   10.1039   11.0716   12.0393   13.0069   13.9746   14.9423
    0.4309    1.3986    2.3663    3.3339    4.3016    5.2693    6.2370    7.2047    8.1723    9.1400   10.1077   11.0754   12.0430   13.0107   13.9784   14.9461
    0.4347    1.4024    2.3701    3.3377    4.3054    5.2731    6.2408    7.2084    8.1761    9.1438   10.1115   11.0791   12.0468   13.0145   13.9822   14.9498
    0.4385    1.4062    2.3738    3.3415    4.3092    5.2769    6.2445    7.2122    8.1799    9.1476   10.1152   11.0829   12.0506   13.0183   13.9859   14.9536
    0.4423    1.4099    2.3776    3.3453    4.3130    5.2806    6.2483    7.2160    8.1837    9.1513   10.1190   11.0867   12.0544   13.0221   13.9897   14.9574
    0.4460    1.4137    2.3814    3.3491    4.3167    5.2844    6.2521    7.2198    8.1875    9.1551   10.1228   11.0905   12.0582   13.0258   13.9935   14.9612
    0.4498    1.4175    2.3852    3.3528    4.3205    5.2882    6.2559    7.2236    8.1912    9.1589   10.1266   11.0943   12.0619   13.0296   13.9973   14.9650
    0.4536    1.4213    2.3890    3.3566    4.3243    5.2920    6.2597    7.2273    8.1950    9.1627   10.1304   11.0980   12.0657   13.0334   14.0011   14.9687
    0.4574    1.4251    2.3927    3.3604    4.3281    5.2958    6.2634    7.2311    8.1988    9.1665   10.1341   11.1018   12.0695   13.0372   14.0048   14.9725
    0.4612    1.4288    2.3965    3.3642    4.3319    5.2995    6.2672    7.2349    8.2026    9.1702   10.1379   11.1056   12.0733   13.0410   14.0086   14.9763
    0.4649    1.4326    2.4003    3.3680    4.3356    5.3033    6.2710    7.2387    8.2064    9.1740   10.1417   11.1094   12.0771   13.0447   14.0124   14.9801
    0.4687    1.4364    2.4041    3.3717    4.3394    5.3071    6.2748    7.2425    8.2101    9.1778   10.1455   11.1132   12.0808   13.0485   14.0162   14.9839
    0.4725    1.4402    2.4079    3.3755    4.3432    5.3109    6.2786    7.2462    8.2139    9.1816   10.1493   11.1169   12.0846   13.0523   14.0200   14.9876
    0.4763    1.4440    2.4116    3.3793    4.3470    5.3147    6.2823    7.2500    8.2177    9.1854   10.1530   11.1207   12.0884   13.0561   14.0237   14.9914
    0.4801    1.4477    2.4154    3.3831    4.3508    5.3184    6.2861    7.2538    8.2215    9.1891   10.1568   11.1245   12.0922   13.0599   14.0275   14.9952
    0.4838    1.4515    2.4192    3.3869    4.3545    5.3222    6.2899    7.2576    8.2253    9.1929   10.1606   11.1283   12.0960   13.0636   14.0313   14.9990
    0.4876    1.4553    2.4230    3.3906    4.3583    5.3260    6.2937    7.2614    8.2290    9.1967   10.1644   11.1321   12.0997   13.0674   14.0351   15.0028
    0.4914    1.4591    2.4268    3.3944    4.3621    5.3298    6.2975    7.2651    8.2328    9.2005   10.1682   11.1358   12.1035   13.0712   14.0389   15.0065
    0.4952    1.4629    2.4305    3.3982    4.3659    5.3336    6.3012    7.2689    8.2366    9.2043   10.1719   11.1396   12.1073   13.0750   14.0426   15.0103
    0.4990    1.4666    2.4343    3.4020    4.3697    5.3373    6.3050    7.2727    8.2404    9.2080   10.1757   11.1434   12.1111   13.0788   14.0464   15.0141
    0.5027    1.4704    2.4381    3.4058    4.3734    5.3411    6.3088    7.2765    8.2442    9.2118   10.1795   11.1472   12.1149   13.0825   14.0502   15.0179
    0.5065    1.4742    2.4419    3.4095    4.3772    5.3449    6.3126    7.2803    8.2479    9.2156   10.1833   11.1510   12.1186   13.0863   14.0540   15.0217
    0.5103    1.4780    2.4457    3.4133    4.3810    5.3487    6.3164    7.2840    8.2517    9.2194   10.1871   11.1547   12.1224   13.0901   14.0578   15.0254
    0.5141    1.4818    2.4494    3.4171    4.3848    5.3525    6.3201    7.2878    8.2555    9.2232   10.1908   11.1585   12.1262   13.0939   14.0615   15.0292
    0.5179    1.4855    2.4532    3.4209    4.3886    5.3562    6.3239    7.2916    8.2593    9.2269   10.1946   11.1623   12.1300   13.0977   14.0653   15.0330
    0.5216    1.4893    2.4570    3.4247    4.3923    5.3600    6.3277    7.2954    8.2631    9.2307   10.1984   11.1661   12.1338   13.1014   14.0691   15.0368
    0.5254    1.4931    2.4608    3.4284    4.3961    5.3638    6.3315    7.2992    8.2668    9.2345   10.2022   11.1699   12.1375   13.1052   14.0729   15.0406
    0.5292    1.4969    2.4646    3.4322    4.3999    5.3676    6.3353    7.3029    8.2706    9.2383   10.2060   11.1736   12.1413   13.1090   14.0767   15.0443
    0.5330    1.5007    2.4683    3.4360    4.4037    5.3714    6.3390    7.3067    8.2744    9.2421   10.2097   11.1774   12.1451   13.1128   14.0804   15.0481
    0.5368    1.5044    2.4721    3.4398    4.4075    5.3751    6.3428    7.3105    8.2782    9.2458   10.2135   11.1812   12.1489   13.1166   14.0842   15.0519
    0.5405    1.5082    2.4759    3.4436    4.4112    5.3789    6.3466    7.3143    8.2820    9.2496   10.2173   11.1850   12.1527   13.1203   14.0880   15.0557
    0.5443    1.5120    2.4797    3.4473    4.4150    5.3827    6.3504    7.3181    8.2857    9.2534   10.2211   11.1888   12.1564   13.1241   14.0918   15.0595
    0.5481    1.5158    2.4835    3.4511    4.4188    5.3865    6.3542    7.3218    8.2895    9.2572   10.2249   11.1925   12.1602   13.1279   14.0956   15.0632
    0.5519    1.5196    2.4872    3.4549    4.4226    5.3903    6.3579    7.3256    8.2933    9.2610   10.2286   11.1963   12.1640   13.1317   14.0993   15.0670
    0.5557    1.5233    2.4910    3.4587    4.4264    5.3940    6.3617    7.3294    8.2971    9.2647   10.2324   11.2001   12.1678   13.1355   14.1031   15.0708
    0.5594    1.5271    2.4948    3.4625    4.4301    5.3978    6.3655    7.3332    8.3009    9.2685   10.2362   11.2039   12.1716   13.1392   14.1069   15.0746
    0.5632    1.5309    2.4986    3.4662    4.4339    5.4016    6.3693    7.3370    8.3046    9.2723   10.2400   11.2077   12.1753   13.1430   14.1107   15.0784
    0.5670    1.5347    2.5024    3.4700    4.4377    5.4054    6.3731    7.3407    8.3084    9.2761   10.2438   11.2114   12.1791   13.1468   14.1145   15.0821
    0.5708    1.5385    2.5061    3.4738    4.4415    5.4092    6.3768    7.3445    8.3122    9.2799   10.2475   11.2152   12.1829   13.1506   14.1182   15.0859
    0.5746    1.5422    2.5099    3.4776    4.4453    5.4129    6.3806    7.3483    8.3160    9.2836   10.2513   11.2190   12.1867   13.1544   14.1220   15.0897
    0.5783    1.5460    2.5137    3.4814    4.4490    5.4167    6.3844    7.3521    8.3198    9.2874   10.2551   11.2228   12.1905   13.1581   14.1258   15.0935
    0.5821    1.5498    2.5175    3.4851    4.4528    5.4205    6.3882    7.3559    8.3235    9.2912   10.2589   11.2266   12.1942   13.1619   14.1296   15.0973
    0.5859    1.5536    2.5213    3.4889    4.4566    5.4243    6.3920    7.3596    8.3273    9.2950   10.2627   11.2303   12.1980   13.1657   14.1334   15.1010
    0.5897    1.5574    2.5250    3.4927    4.4604    5.4281    6.3957    7.3634    8.3311    9.2988   10.2664   11.2341   12.2018   13.1695   14.1371   15.1048
    0.5935    1.5611    2.5288    3.4965    4.4642    5.4318    6.3995    7.3672    8.3349    9.3025   10.2702   11.2379   12.2056   13.1733   14.1409   15.1086
    0.5972    1.5649    2.5326    3.5003    4.4679    5.4356    6.4033    7.3710    8.3387    9.3063   10.2740   11.2417   12.2094   13.1770   14.1447   15.1124
    0.6010    1.5687    2.5364    3.5040    4.4717    5.4394    6.4071    7.3748    8.3424    9.3101   10.2778   11.2455   12.2131   13.1808   14.1485   15.1162
    0.6048    1.5725    2.5402    3.5078    4.4755    5.4432    6.4109    7.3785    8.3462    9.3139   10.2816   11.2492   12.2169   13.1846   14.1523   15.1199
    0.6086    1.5763    2.5439    3.5116    4.4793    5.4470    6.4146    7.3823    8.3500    9.3177   10.2853   11.2530   12.2207   13.1884   14.1560   15.1237
    0.6124    1.5800    2.5477    3.5154    4.4831    5.4507    6.4184    7.3861    8.3538    9.3214   10.2891   11.2568   12.2245   13.1922   14.1598   15.1275
    0.6161    1.5838    2.5515    3.5192    4.4868    5.4545    6.4222    7.3899    8.3576    9.3252   10.2929   11.2606   12.2283   13.1959   14.1636   15.1313
    0.6199    1.5876    2.5553    3.5229    4.4906    5.4583    6.4260    7.3937    8.3613    9.3290   10.2967   11.2644   12.2320   13.1997   14.1674   15.1351
    0.6237    1.5914    2.5591    3.5267    4.4944    5.4621    6.4298    7.3974    8.3651    9.3328   10.3005   11.2681   12.2358   13.2035   14.1712   15.1388
    0.6275    1.5952    2.5628    3.5305    4.4982    5.4659    6.4335    7.4012    8.3689    9.3366   10.3042   11.2719   12.2396   13.2073   14.1749   15.1426
    0.6313    1.5989    2.5666    3.5343    4.5020    5.4696    6.4373    7.4050    8.3727    9.3403   10.3080   11.2757   12.2434   13.2111   14.1787   15.1464
    0.6350    1.6027    2.5704    3.5381    4.5057    5.4734    6.4411    7.4088    8.3764    9.3441   10.3118   11.2795   12.2472   13.2148   14.1825   15.1502
    0.6388    1.6065    2.5742    3.5418    4.5095    5.4772    6.4449    7.4126    8.3802    9.3479   10.3156   11.2833   12.2509   13.2186   14.1863   15.1540
    0.6426    1.6103    2.5780    3.5456    4.5133    5.4810    6.4487    7.4163    8.3840    9.3517   10.3194   11.2870   12.2547   13.2224   14.1901   15.1577
    0.6464    1.6141    2.5817    3.5494    4.5171    5.4848    6.4524    7.4201    8.3878    9.3555   10.3231   11.2908   12.2585   13.2262   14.1938   15.1615
    0.6502    1.6178    2.5855    3.5532    4.5209    5.4885    6.4562    7.4239    8.3916    9.3592   10.3269   11.2946   12.2623   13.2300   14.1976   15.1653
    0.6539    1.6216    2.5893    3.5570    4.5246    5.4923    6.4600    7.4277    8.3953    9.3630   10.3307   11.2984   12.2661   13.2337   14.2014   15.1691
    0.6577    1.6254    2.5931    3.5607    4.5284    5.4961    6.4638    7.4315    8.3991    9.3668   10.3345   11.3022   12.2698   13.2375   14.2052   15.1729
    0.6615    1.6292    2.5969    3.5645    4.5322    5.4999    6.4676    7.4352    8.4029    9.3706   10.3383   11.3059   12.2736   13.2413   14.2090   15.1766
    0.6653    1.6330    2.6006    3.5683    4.5360    5.5037    6.4713    7.4390    8.4067    9.3744   10.3420   11.3097   12.2774   13.2451   14.2127   15.1804
    0.6691    1.6367    2.6044    3.5721    4.5398    5.5074    6.4751    7.4428    8.4105    9.3781   10.3458   11.3135   12.2812   13.2489   14.2165   15.1842
    0.6728    1.6405    2.6082    3.5759    4.5435    5.5112    6.4789    7.4466    8.4142    9.3819   10.3496   11.3173   12.2850   13.2526   14.2203   15.1880
    0.6766    1.6443    2.6120    3.5796    4.5473    5.5150    6.4827    7.4504    8.4180    9.3857   10.3534   11.3211   12.2887   13.2564   14.2241   15.1918
    0.6804    1.6481    2.6158    3.5834    4.5511    5.5188    6.4865    7.4541    8.4218    9.3895   10.3572   11.3248   12.2925   13.2602   14.2279   15.1955
    0.6842    1.6519    2.6195    3.5872    4.5549    5.5226    6.4902    7.4579    8.4256    9.3933   10.3609   11.3286   12.2963   13.2640   14.2316   15.1993
    0.6880    1.6556    2.6233    3.5910    4.5587    5.5263    6.4940    7.4617    8.4294    9.3970   10.3647   11.3324   12.3001   13.2678   14.2354   15.2031
    0.6917    1.6594    2.6271    3.5948    4.5624    5.5301    6.4978    7.4655    8.4331    9.4008   10.3685   11.3362   12.3039   13.2715   14.2392   15.2069
    0.6955    1.6632    2.6309    3.5985    4.5662    5.5339    6.5016    7.4693    8.4369    9.4046   10.3723   11.3400   12.3076   13.2753   14.2430   15.2107
    0.6993    1.6670    2.6347    3.6023    4.5700    5.5377    6.5054    7.4730    8.4407    9.4084   10.3761   11.3437   12.3114   13.2791   14.2468   15.2144
    0.7031    1.6708    2.6384    3.6061    4.5738    5.5415    6.5091    7.4768    8.4445    9.4122   10.3798   11.3475   12.3152   13.2829   14.2505   15.2182
    0.7069    1.6745    2.6422    3.6099    4.5776    5.5452    6.5129    7.4806    8.4483    9.4159   10.3836   11.3513   12.3190   13.2867   14.2543   15.2220
    0.7106    1.6783    2.6460    3.6137    4.5813    5.5490    6.5167    7.4844    8.4520    9.4197   10.3874   11.3551   12.3228   13.2904   14.2581   15.2258
    0.7144    1.6821    2.6498    3.6174    4.5851    5.5528    6.5205    7.4882    8.4558    9.4235   10.3912   11.3589   12.3265   13.2942   14.2619   15.2296
    0.7182    1.6859    2.6536    3.6212    4.5889    5.5566    6.5243    7.4919    8.4596    9.4273   10.3950   11.3626   12.3303   13.2980   14.2657   15.2333
    0.7220    1.6897    2.6573    3.6250    4.5927    5.5604    6.5280    7.4957    8.4634    9.4311   10.3987   11.3664   12.3341   13.3018   14.2694   15.2371
    0.7258    1.6934    2.6611    3.6288    4.5965    5.5641    6.5318    7.4995    8.4672    9.4348   10.4025   11.3702   12.3379   13.3056   14.2732   15.2409
    0.7295    1.6972    2.6649    3.6326    4.6002    5.5679    6.5356    7.5033    8.4709    9.4386   10.4063   11.3740   12.3417   13.3093   14.2770   15.2447
    0.7333    1.7010    2.6687    3.6363    4.6040    5.5717    6.5394    7.5071    8.4747    9.4424   10.4101   11.3778   12.3454   13.3131   14.2808   15.2485
    0.7371    1.7048    2.6725    3.6401    4.6078    5.5755    6.5432    7.5108    8.4785    9.4462   10.4139   11.3815   12.3492   13.3169   14.2846   15.2522
    0.7409    1.7086    2.6762    3.6439    4.6116    5.5793    6.5469    7.5146    8.4823    9.4500   10.4176   11.3853   12.3530   13.3207   14.2883   15.2560
    0.7447    1.7123    2.6800    3.6477    4.6154    5.5830    6.5507    7.5184    8.4861    9.4537   10.4214   11.3891   12.3568   13.3245   14.2921   15.2598
    0.7484    1.7161    2.6838    3.6515    4.6191    5.5868    6.5545    7.5222    8.4898    9.4575   10.4252   11.3929   12.3606   13.3282   14.2959   15.2636
    0.7522    1.7199    2.6876    3.6552    4.6229    5.5906    6.5583    7.5260    8.4936    9.4613   10.4290   11.3967   12.3643   13.3320   14.2997   15.2674
    0.7560    1.7237    2.6914    3.6590    4.6267    5.5944    6.5621    7.5297    8.4974    9.4651   10.4328   11.4004   12.3681   13.3358   14.3035   15.2711
    0.7598    1.7275    2.6951    3.6628    4.6305    5.5982    6.5658    7.5335    8.5012    9.4689   10.4365   11.4042   12.3719   13.3396   14.3072   15.2749
    0.7636    1.7312    2.6989    3.6666    4.6343    5.6019    6.5696    7.5373    8.5050    9.4726   10.4403   11.4080   12.3757   13.3434   14.3110   15.2787
    0.7673    1.7350    2.7027    3.6704    4.6380    5.6057    6.5734    7.5411    8.5087    9.4764   10.4441   11.4118   12.3795   13.3471   14.3148   15.2825
    0.7711    1.7388    2.7065    3.6741    4.6418    5.6095    6.5772    7.5449    8.5125    9.4802   10.4479   11.4156   12.3832   13.3509   14.3186   15.2863
    0.7749    1.7426    2.7103    3.6779    4.6456    5.6133    6.5810    7.5486    8.5163    9.4840   10.4517   11.4193   12.3870   13.3547   14.3224   15.2900
    0.7787    1.7464    2.7140    3.6817    4.6494    5.6171    6.5847    7.5524    8.5201    9.4878   10.4554   11.4231   12.3908   13.3585   14.3261   15.2938
    0.7825    1.7501    2.7178    3.6855    4.6532    5.6208    6.5885    7.5562    8.5239    9.4915   10.4592   11.4269   12.3946   13.3623   14.3299   15.2976
    0.7862    1.7539    2.7216    3.6893    4.6569    5.6246    6.5923    7.5600    8.5276    9.4953   10.4630   11.4307   12.3984   13.3660   14.3337   15.3014
    0.7900    1.7577    2.7254    3.6930    4.6607    5.6284    6.5961    7.5638    8.5314    9.4991   10.4668   11.4345   12.4021   13.3698   14.3375   15.3052
    0.7938    1.7615    2.7292    3.6968    4.6645    5.6322    6.5999    7.5675    8.5352    9.5029   10.4706   11.4382   12.4059   13.3736   14.3413   15.3089
    0.7976    1.7653    2.7329    3.7006    4.6683    5.6360    6.6036    7.5713    8.5390    9.5067   10.4743   11.4420   12.4097   13.3774   14.3450   15.3127
    0.8014    1.7690    2.7367    3.7044    4.6721    5.6397    6.6074    7.5751    8.5428    9.5104   10.4781   11.4458   12.4135   13.3812   14.3488   15.3165
    0.8051    1.7728    2.7405    3.7082    4.6758    5.6435    6.6112    7.5789    8.5465    9.5142   10.4819   11.4496   12.4173   13.3849   14.3526   15.3203
    0.8089    1.7766    2.7443    3.7119    4.6796    5.6473    6.6150    7.5827    8.5503    9.5180   10.4857   11.4534   12.4210   13.3887   14.3564   15.3241
    0.8127    1.7804    2.7481    3.7157    4.6834    5.6511    6.6188    7.5864    8.5541    9.5218   10.4895   11.4571   12.4248   13.3925   14.3602   15.3278
    0.8165    1.7842    2.7518    3.7195    4.6872    5.6549    6.6225    7.5902    8.5579    9.5256   10.4932   11.4609   12.4286   13.3963   14.3639   15.3316
    0.8203    1.7879    2.7556    3.7233    4.6910    5.6586    6.6263    7.5940    8.5617    9.5293   10.4970   11.4647   12.4324   13.4001   14.3677   15.3354
    0.8240    1.7917    2.7594    3.7271    4.6947    5.6624    6.6301    7.5978    8.5654    9.5331   10.5008   11.4685   12.4362   13.4038   14.3715   15.3392
    0.8278    1.7955    2.7632    3.7308    4.6985    5.6662    6.6339    7.6016    8.5692    9.5369   10.5046   11.4723   12.4399   13.4076   14.3753   15.3430
    0.8316    1.7993    2.7670    3.7346    4.7023    5.6700    6.6377    7.6053    8.5730    9.5407   10.5084   11.4760   12.4437   13.4114   14.3791   15.3467
    0.8354    1.8031    2.7707    3.7384    4.7061    5.6738    6.6414    7.6091    8.5768    9.5445   10.5121   11.4798   12.4475   13.4152   14.3828   15.3505
    0.8392    1.8068    2.7745    3.7422    4.7099    5.6775    6.6452    7.6129    8.5806    9.5482   10.5159   11.4836   12.4513   13.4190   14.3866   15.3543
    0.8429    1.8106    2.7783    3.7460    4.7136    5.6813    6.6490    7.6167    8.5843    9.5520   10.5197   11.4874   12.4551   13.4227   14.3904   15.3581
    0.8467    1.8144    2.7821    3.7497    4.7174    5.6851    6.6528    7.6205    8.5881    9.5558   10.5235   11.4912   12.4588   13.4265   14.3942   15.3619
    0.8505    1.8182    2.7859    3.7535    4.7212    5.6889    6.6566    7.6242    8.5919    9.5596   10.5273   11.4949   12.4626   13.4303   14.3980   15.3656
    0.8543    1.8220    2.7896    3.7573    4.7250    5.6927    6.6603    7.6280    8.5957    9.5634   10.5310   11.4987   12.4664   13.4341   14.4017   15.3694
    0.8581    1.8257    2.7934    3.7611    4.7288    5.6964    6.6641    7.6318    8.5995    9.5671   10.5348   11.5025   12.4702   13.4379   14.4055   15.3732
    0.8618    1.8295    2.7972    3.7649    4.7325    5.7002    6.6679    7.6356    8.6032    9.5709   10.5386   11.5063   12.4740   13.4416   14.4093   15.3770
    0.8656    1.8333    2.8010    3.7686    4.7363    5.7040    6.6717    7.6394    8.6070    9.5747   10.5424   11.5101   12.4777   13.4454   14.4131   15.3808
    0.8694    1.8371    2.8047    3.7724    4.7401    5.7078    6.6755    7.6431    8.6108    9.5785   10.5462   11.5138   12.4815   13.4492   14.4169   15.3845
    0.8732    1.8409    2.8085    3.7762    4.7439    5.7116    6.6792    7.6469    8.6146    9.5823   10.5499   11.5176   12.4853   13.4530   14.4206   15.3883
    0.8770    1.8446    2.8123    3.7800    4.7477    5.7153    6.6830    7.6507    8.6184    9.5860   10.5537   11.5214   12.4891   13.4568   14.4244   15.3921
    0.8807    1.8484    2.8161    3.7838    4.7514    5.7191    6.6868    7.6545    8.6221    9.5898   10.5575   11.5252   12.4929   13.4605   14.4282   15.3959
    0.8845    1.8522    2.8199    3.7875    4.7552    5.7229    6.6906    7.6583    8.6259    9.5936   10.5613   11.5290   12.4966   13.4643   14.4320   15.3997
    0.8883    1.8560    2.8236    3.7913    4.7590    5.7267    6.6944    7.6620    8.6297    9.5974   10.5651   11.5327   12.5004   13.4681   14.4358   15.4034
    0.8921    1.8598    2.8274    3.7951    4.7628    5.7305    6.6981    7.6658    8.6335    9.6012   10.5688   11.5365   12.5042   13.4719   14.4395   15.4072
    0.8959    1.8635    2.8312    3.7989    4.7666    5.7342    6.7019    7.6696    8.6373    9.6049   10.5726   11.5403   12.5080   13.4757   14.4433   15.4110
    0.8996    1.8673    2.8350    3.8027    4.7703    5.7380    6.7057    7.6734    8.6410    9.6087   10.5764   11.5441   12.5118   13.4794   14.4471   15.4148
    0.9034    1.8711    2.8388    3.8064    4.7741    5.7418    6.7095    7.6772    8.6448    9.6125   10.5802   11.5479   12.5155   13.4832   14.4509   15.4186
    0.9072    1.8749    2.8425    3.8102    4.7779    5.7456    6.7133    7.6809    8.6486    9.6163   10.5840   11.5516   12.5193   13.4870   14.4547   15.4223
    0.9110    1.8787    2.8463    3.8140    4.7817    5.7494    6.7170    7.6847    8.6524    9.6201   10.5877   11.5554   12.5231   13.4908   14.4584   15.4261
    0.9148    1.8824    2.8501    3.8178    4.7855    5.7531    6.7208    7.6885    8.6562    9.6238   10.5915   11.5592   12.5269   13.4946   14.4622   15.4299
    0.9185    1.8862    2.8539    3.8216    4.7892    5.7569    6.7246    7.6923    8.6599    9.6276   10.5953   11.5630   12.5307   13.4983   14.4660   15.4337
    0.9223    1.8900    2.8577    3.8253    4.7930    5.7607    6.7284    7.6961    8.6637    9.6314   10.5991   11.5668   12.5344   13.5021   14.4698   15.4375
    0.9261    1.8938    2.8614    3.8291    4.7968    5.7645    6.7322    7.6998    8.6675    9.6352   10.6029   11.5705   12.5382   13.5059   14.4736   15.4412
    0.9299    1.8976    2.8652    3.8329    4.8006    5.7683    6.7359    7.7036    8.6713    9.6390   10.6066   11.5743   12.5420   13.5097   14.4773   15.4450
    0.9337    1.9013    2.8690    3.8367    4.8044    5.7720    6.7397    7.7074    8.6751    9.6427   10.6104   11.5781   12.5458   13.5135   14.4811   15.4488
    0.9374    1.9051    2.8728    3.8405    4.8081    5.7758    6.7435    7.7112    8.6788    9.6465   10.6142   11.5819   12.5496   13.5172   14.4849   15.4526
    0.9412    1.9089    2.8766    3.8442    4.8119    5.7796    6.7473    7.7150    8.6826    9.6503   10.6180   11.5857   12.5533   13.5210   14.4887   15.4564
    0.9450    1.9127    2.8803    3.8480    4.8157    5.7834    6.7511    7.7187    8.6864    9.6541   10.6218   11.5894   12.5571   13.5248   14.4925   15.4601
    0.9488    1.9165    2.8841    3.8518    4.8195    5.7872    6.7548    7.7225    8.6902    9.6579   10.6255   11.5932   12.5609   13.5286   14.4962   15.4639
    0.9526    1.9202    2.8879    3.8556    4.8233    5.7909    6.7586    7.7263    8.6940    9.6616   10.6293   11.5970   12.5647   13.5324   14.5000   15.4677
    0.9563    1.9240    2.8917    3.8594    4.8270    5.7947    6.7624    7.7301    8.6977    9.6654   10.6331   11.6008   12.5685   13.5361   14.5038   15.4715
    0.9601    1.9278    2.8955    3.8631    4.8308    5.7985    6.7662    7.7339    8.7015    9.6692   10.6369   11.6046   12.5722   13.5399   14.5076   15.4753
    0.9639    1.9316    2.8992    3.8669    4.8346    5.8023    6.7700    7.7376    8.7053    9.6730   10.6407   11.6083   12.5760   13.5437   14.5114   15.4790
    0.9677    1.9354    2.9030    3.8707    4.8384    5.8061    6.7737    7.7414    8.7091    9.6768   10.6444   11.6121   12.5798   13.5475   14.5151   15.4828

U2_in = 0.5790         0         0         0         0         0         0         0         0         0         0         0         0         0         0         0         0
        0.5790         0         0         0         0         0         0         0         0         0         0         0         0         0         0         0         0
        0.5790         0         0         0         0         0         0         0         0         0         0         0         0         0         0         0         0
        0.5790         0         0         0         0         0         0         0         0         0         0         0         0         0         0         0         0
        0.5790         0         0         0         0         0         0         0         0         0         0         0         0         0         0         0         0
        0.5790         0         0         0         0         0         0         0         0         0         0         0         0         0         0         0         0
        0.5790         0         0         0         0         0         0         0         0         0         0         0         0         0         0         0         0
        0.5790         0         0         0         0         0         0         0         0         0         0         0         0         0         0         0         0
        0.5790         0         0         0         0         0         0         0         0         0         0         0         0         0         0         0         0
        0.5790         0         0         0         0         0         0         0         0         0         0         0         0         0         0         0         0
        0.5790         0         0         0         0         0         0         0         0         0         0         0         0         0         0         0         0
        0.5790         0         0         0         0         0         0         0         0         0         0         0         0         0         0         0         0
        0.5790         0         0         0         0         0         0         0         0         0         0         0         0         0         0         0         0
        0.5790         0         0         0         0         0         0         0         0         0         0         0         0         0         0         0         0
        0.5790         0         0         0         0         0         0         0         0         0         0         0         0         0         0         0         0
        0.5790         0         0         0         0         0         0         0         0         0         0         0         0         0         0         0         0
        0.5790         0         0         0         0         0         0         0         0         0         0         0         0         0         0         0         0
        0.5790         0         0         0         0         0         0         0         0         0         0         0         0         0         0         0         0
        0.5790         0         0         0         0         0         0         0         0         0         0         0         0         0         0         0         0
        0.5790         0         0         0         0         0         0         0         0         0         0         0         0         0         0         0         0
        0.5790         0         0         0         0         0         0         0         0         0         0         0         0         0         0         0         0
        0.5790         0         0         0         0         0         0         0         0         0         0         0         0         0         0         0         0
        0.5790         0         0         0         0         0         0         0         0         0         0         0         0         0         0         0         0
        0.5790         0         0         0         0         0         0         0         0         0         0         0         0         0         0         0         0
        0.5790         0         0         0         0         0         0         0         0         0         0         0         0         0         0         0         0
        0.5790         0         0         0         0         0         0         0         0         0         0         0         0         0         0         0         0
        0.5790         0         0         0         0         0         0         0         0         0         0         0         0         0         0         0         0
        0.5790         0         0         0         0         0         0         0         0         0         0         0         0         0         0         0         0
        0.5790         0         0         0         0         0         0         0         0         0         0         0         0         0         0         0         0
        0.5790         0         0         0         0         0         0         0         0         0         0         0         0         0         0         0         0
        0.5790         0         0         0         0         0         0         0         0         0         0         0         0         0         0         0         0
        0.5790         0         0         0         0         0         0         0         0         0         0         0         0         0         0         0         0
        0.5790         0         0         0         0         0         0         0         0         0         0         0         0         0         0         0         0
        0.5790         0         0         0         0         0         0         0         0         0         0         0         0         0         0         0         0
        0.5790         0         0         0         0         0         0         0         0         0         0         0         0         0         0         0         0
        0.5790         0         0         0         0         0         0         0         0         0         0         0         0         0         0         0         0
        0.5790         0         0         0         0         0         0         0         0         0         0         0         0         0         0         0         0
        0.5790         0         0         0         0         0         0         0         0         0         0         0         0         0         0         0         0
        0.5790         0         0         0         0         0         0         0         0         0         0         0         0         0         0         0         0
        0.5790         0         0         0         0         0         0         0         0         0         0         0         0         0         0         0         0
        0.5790         0         0         0         0         0         0         0         0         0         0         0         0         0         0         0         0
        0.5790         0         0         0         0         0         0         0         0         0         0         0         0         0         0         0         0
        0.5790         0         0         0         0         0         0         0         0         0         0         0         0         0         0         0         0
        0.5790         0         0         0         0         0         0         0         0         0         0         0         0         0         0         0         0
        0.5790         0         0         0         0         0         0         0         0         0         0         0         0         0         0         0         0
        0.5790         0         0         0         0         0         0         0         0         0         0         0         0         0         0         0         0
        0.5790         0         0         0         0         0         0         0         0         0         0         0         0         0         0         0         0
        0.5790         0         0         0         0         0         0         0         0         0         0         0         0         0         0         0         0
        0.5790         0         0         0         0         0         0         0         0         0         0         0         0         0         0         0         0
        0.5790         0         0         0         0         0         0         0         0         0         0         0         0         0         0         0         0
        0.5790         0         0         0         0         0         0         0         0         0         0         0         0         0         0         0         0
        0.5790         0         0         0         0         0         0         0         0         0         0         0         0         0         0         0         0
        0.5790         0         0         0         0         0         0         0         0         0         0         0         0         0         0         0         0
        0.5790         0         0         0         0         0         0         0         0         0         0         0         0         0         0         0         0
        0.5790         0         0         0         0         0         0         0         0         0         0         0         0         0         0         0         0
        0.5790         0         0         0         0         0         0         0         0         0         0         0         0         0         0         0         0
        0.5790         0         0         0         0         0         0         0         0         0         0         0         0         0         0         0         0
        0.5790         0         0         0         0         0         0         0         0         0         0         0         0         0         0         0         0
        0.5790         0         0         0         0         0         0         0         0         0         0         0         0         0         0         0         0
        0.5790         0         0         0         0         0         0         0         0         0         0         0         0         0         0         0         0
        0.5790         0         0         0         0         0         0         0         0         0         0         0         0         0         0         0         0


ff0_throat_in = 0     0     0     0     0     0     0     0     0     0     0     0     0     0     0     0
                0     0     0     0     0     0     0     0     0     0     0     0     0     0     0     0
                0     0     0     0     0     0     0     0     0     0     0     0     0     0     0     0


ff1_throat_in = 0     0     0     0     0     0     0     0     0     0     0     0     0     0     0     0
                0     0     0     0     0     0     0     0     0     0     0     0     0     0     0     0
                0     0     0     0     0     0     0     0     0     0     0     0     0     0     0     0


ff2_throat_in = 0     0     0     0     0     0     0     0     0     0     0     0     0     0     0     0
                0     0     0     0     0     0     0     0     0     0     0     0     0     0     0     0
                0     0     0     0     0     0     0     0     0     0     0     0     0     0     0     0


Mach_E =  0.0978    0.1035    0.1097    0.1165    0.1238    0.1318    0.1405    0.1500    0.1605    0.1720    0.1846    0.1985    0.2138    0.2307    0.2494    0.2701    0.2931    0.3186    0.3468    0.3781    0.4129    0.4513    0.4937    0.5405    0.5919    0.6480    0.7090    0.7749    0.8455    0.9207    1.0000    1.0830    1.1690    1.2576    1.3479    1.4393    1.5314    1.6234    1.7151    1.8060    1.8958    1.9842    2.0712    0.5064    0.4577    0.4163    0.3804    0.3491    0.3214    0.2968    0.2749    0.2552    0.2375    0.2215    0.2070    0.1938    0.1818    0.1708    0.1608    0.1516    0.1431


Mrho_E =  0.9952    0.9947    0.9940    0.9933    0.9924    0.9914    0.9902    0.9888    0.9872    0.9854    0.9832    0.9806    0.9775    0.9739    0.9696    0.9644    0.9583    0.9510    0.9423    0.9319    0.9196    0.9050    0.8878    0.8676    0.8443    0.8174    0.7870    0.7531    0.7160    0.6760    0.6339    0.5905    0.5466    0.5031    0.4608    0.4204    0.3823    0.3470    0.3145    0.2850    0.2582    0.2341    0.2125    0.6073    0.6211    0.6320    0.6408    0.6480    0.6539    0.6588    0.6628    0.6663    0.6691    0.6716    0.6736    0.6754    0.6769    0.6782    0.6794    0.6803    0.6812


Press_E = 0.9933    0.9925    0.9916    0.9906    0.9893    0.9879    0.9863    0.9844    0.9822    0.9796    0.9765    0.9729    0.9687    0.9636    0.9576    0.9506    0.9421    0.9321    0.9202    0.9060    0.8893    0.8696    0.8465    0.8197    0.7890    0.7541    0.7151    0.6724    0.6264    0.5780    0.5283    0.4783    0.4292    0.3822    0.3380    0.2972    0.2603    0.2272    0.1980    0.1725    0.1502    0.1310    0.1144    0.5777    0.5961    0.6108    0.6228    0.6326    0.6406    0.6474    0.6530    0.6577    0.6617    0.6651    0.6679    0.6704    0.6725    0.6743    0.6759    0.6772    0.6784


Temp_E =  0.9981    0.9979    0.9976    0.9973    0.9969    0.9965    0.9961    0.9955    0.9949    0.9941    0.9932    0.9922    0.9909    0.9895    0.9877    0.9856    0.9831    0.9801    0.9765    0.9722    0.9670    0.9609    0.9535    0.9448    0.9345    0.9225    0.9087    0.8928    0.8749    0.8550    0.8333    0.8100    0.7853    0.7597    0.7335    0.7070    0.6807    0.6548    0.6296    0.6052    0.5818    0.5595    0.5382    0.9512    0.9598    0.9665    0.9719    0.9762    0.9798    0.9827    0.9851    0.9871    0.9888    0.9903    0.9915    0.9925    0.9934    0.9942    0.9949    0.9954    0.9959


Vel_E =   0.0977    0.1034    0.1096    0.1163    0.1236    0.1315    0.1402    0.1497    0.1601    0.1714    0.1839    0.1977    0.2128    0.2295    0.2479    0.2682    0.2906    0.3154    0.3427    0.3728    0.4060    0.4424    0.4821    0.5254    0.5722    0.6224    0.6758    0.7321    0.7909    0.8513    0.9129    0.9747    1.0360    1.0961    1.1544    1.2103    1.2635    1.3137    1.3609    1.4050    1.4460    1.4841    1.5195    0.4939    0.4484    0.4093    0.3750    0.3449    0.3181    0.2942    0.2728    0.2536    0.2362    0.2204    0.2061    0.1931    0.1812    0.1703    0.1604    0.1512    0.1428


In_Mass_Flow = 0.5790