0.100276
0.103777
0.108091
0.126092
0.138861
0.120798
0.129654
0.152335
0.154679
0.169292
0.183990
0.193439
0.222004
0.244841
0.240975
0.271521
0.298645
0.310792
0.352188
0.382100
0.402727
0.442844
0.495235
0.542789
0.606962
0.649891
0.707365
0.759407
0.838982
0.923033
1.001555
1.071576
1.175739
1.278793
1.351261
1.440349
1.507332
1.617305
1.694491
1.809769
1.862476
2.056514
1.893428
0.501871
0.451611
0.407872
0.390144
0.355716
0.322856
0.289749
0.273514
0.257011
0.235463
0.234368
0.206290
0.200341
0.178762
0.163011
0.166911
0.149893
0.135190
