1.000000
1.001253
0.997039
0.995782
0.983320
0.980357
0.995004
0.989881
0.997739
0.998362
0.999257
0.992435
0.988538
0.965999
0.972950
0.965648
0.947794
0.950872
0.936549
0.924233
0.916492
0.918410
0.898954
0.875371
0.829764
0.819533
0.779750
0.764296
0.728613
0.678876
0.633687
0.601267
0.540988
0.495925
0.457000
0.420007
0.389901
0.347320
0.319335
0.286105
0.258264
0.233790
0.219118
0.601225
0.618249
0.640887
0.634933
0.641686
0.651527
0.649566
0.669765
0.660912
0.679994
0.661485
0.670151
0.677821
0.669089
0.686978
0.674706
0.680082
0.683625
