1.000000
0.999864
0.993982
0.994128
0.973654
0.977889
0.993762
0.983838
0.990223
0.990759
0.983967
0.980166
0.975612
0.948858
0.955550
0.948641
0.929349
0.935055
0.917751
0.899147
0.897425
0.884754
0.851818
0.817775
0.776897
0.749477
0.712078
0.686481
0.636026
0.573130
0.528805
0.483545
0.422937
0.373354
0.334253
0.301079
0.266807
0.229944
0.201491
0.172896
0.151146
0.126494
0.128307
0.570231
0.592073
0.613829
0.617834
0.625998
0.638007
0.642359
0.662352
0.651509
0.668654
0.656504
0.662493
0.667363
0.660017
0.677311
0.669801
0.676417
0.678400
