0.026085
0.002717
0.015280
0.083232
0.117931
0.082872
0.075924
0.014517
0.037339
0.016347
0.007418
0.027512
0.036393
0.057453
0.036548
0.003511
0.017612
0.022763
0.017292
0.010827
0.018422
0.017443
0.000118
0.001450
0.026465
0.001423
0.000225
0.016984
0.008842
0.003801
0.002250
0.014072
0.003450
0.012284
0.001099
0.007618
0.013118
0.001698
0.010942
0.001353
0.014661
0.019248
0.046463
0.010346
0.014423
0.024634
0.026152
0.018692
0.004270
0.020755
0.003063
0.006357
0.011334
0.059296
0.004856
0.029548
0.020157
0.049710
0.037052
0.011375
0.056813
