0.001914
0.000754
0.000665
0.001047
0.006796
0.000947
0.002694
0.001631
0.002420
0.001747
0.008592
0.004583
0.004056
0.007290
0.005665
0.003275
0.002614
0.003324
0.003501
0.000679
0.012576
0.002594
0.006234
0.011208
0.001884
0.008684
0.005020
0.006042
0.002265
0.012644
0.001388
0.007146
0.004528
0.009040
0.002841
0.013855
0.005240
0.011027
0.002181
0.001493
0.005894
0.032904
0.087938
0.002912
0.002214
0.009025
0.001236
0.000673
0.000520
0.006330
0.003877
0.001387
0.005583
0.002207
0.002956
0.008033
0.007038
0.008318
0.002137
0.000820
0.003581
