0.006714
0.007387
0.002385
0.003599
0.015862
0.010173
0.007561
0.000573
0.008191
0.011417
0.007631
0.007455
0.007179
0.015321
0.002192
0.002013
0.013556
0.003180
0.002630
0.007593
0.009142
0.017441
0.006258
0.002402
0.015321
0.006132
0.004286
0.020943
0.015326
0.008500
0.000990
0.010976
0.014695
0.023103
0.011003
0.013005
0.025155
0.011977
0.017501
0.002546
0.006151
0.034265
0.121663
0.012870
0.006724
0.004939
0.007913
0.010363
0.004107
0.007723
0.014360
0.009404
0.010548
0.012851
0.008130
0.004499
0.018539
0.004470
0.008969
0.001185
0.000000
