0.004791
0.006628
0.003052
0.002549
0.009128
0.011109
0.004853
0.001060
0.010637
0.013188
0.016364
0.012094
0.011281
0.008090
0.003493
0.001266
0.010971
0.000144
0.006109
0.008266
0.003391
0.014809
0.012570
0.008906
0.017173
0.002574
0.009259
0.014811
0.017631
0.004197
0.000397
0.018253
0.010214
0.014192
0.008186
0.000838
0.019811
0.000939
0.015287
0.004045
0.000255
0.001407
0.030999
0.009987
0.004520
0.014091
0.009138
0.009697
0.003589
0.013965
0.010442
0.008028
0.016221
0.015025
0.005189
0.003563
0.011583
0.012895
0.006846
0.000365
0.003594
