0.025104
0.002339
0.014953
0.082666
0.121749
0.083306
0.077166
0.015345
0.036172
0.015487
0.003126
0.025275
0.038501
0.061328
0.033807
0.005158
0.018945
0.024383
0.015516
0.010484
0.024537
0.018715
0.003014
0.004194
0.025499
0.002941
0.002276
0.019940
0.007717
0.002557
0.001555
0.010530
0.005729
0.016891
0.002524
0.000710
0.015694
0.003780
0.012018
0.002101
0.017553
0.036443
0.085812
0.008902
0.013330
0.020202
0.025519
0.019035
0.004531
0.023839
0.004990
0.007055
0.008563
0.058129
0.003382
0.033708
0.016691
0.045733
0.038162
0.010969
0.055120
