1.000000
0.998613
0.996934
0.998339
0.990170
0.997482
0.998751
0.993895
0.992468
0.992384
0.984699
0.987637
0.986924
0.982255
0.982117
0.982388
0.980540
0.983366
0.979929
0.972857
0.979195
0.963354
0.947566
0.934203
0.936286
0.914518
0.913214
0.898187
0.872927
0.844233
0.834490
0.804211
0.781786
0.752845
0.731406
0.716843
0.684295
0.662052
0.630971
0.604310
0.585239
0.541059
0.585562
0.948448
0.957660
0.957780
0.973069
0.975553
0.979249
0.988904
0.988932
0.985772
0.983324
0.992470
0.988573
0.984571
0.986441
0.985928
0.992731
0.994611
0.992356
