0.579000 0.579665 0.580389 0.581173 0.582021 0.582932 0.583907 0.584947 0.586048 0.587210 0.588428 0.589699 0.591017 0.592378 0.593774 0.595199 0.596644
0.579000 0.579052 0.579115 0.579196 0.579299 0.579431 0.579598 0.579804 0.580055 0.580354 0.580707 0.581117 0.581587 0.582121 0.582720 0.583387 0.584122
0.579000 0.578439 0.577842 0.577218 0.576578 0.575931 0.575289 0.574662 0.574061 0.573499 0.572986 0.572535 0.572157 0.571864 0.571666 0.571574 0.571600
0.579000 0.582935 0.586831 0.590670 0.594434 0.598107 0.601672 0.605113 0.608417 0.611570 0.614558 0.617370 0.619997 0.622427 0.624654 0.626669 0.628469
0.579000 0.582939 0.586962 0.591050 0.595185 0.599348 0.603517 0.607674 0.611796 0.615863 0.619853 0.623747 0.627523 0.631160 0.634639 0.637940 0.641045
0.579000 0.574601 0.570257 0.565988 0.561813 0.557750 0.553817 0.550032 0.546409 0.542965 0.539713 0.536665 0.533833 0.531227 0.528857 0.526729 0.524849
0.579000 0.576349 0.573635 0.570873 0.568075 0.565257 0.562434 0.559621 0.556834 0.554089 0.551401 0.548788 0.546263 0.543844 0.541544 0.539379 0.537362
0.579000 0.579918 0.580824 0.581708 0.582562 0.583377 0.584144 0.584856 0.585505 0.586084 0.586587 0.587008 0.587342 0.587584 0.587731 0.587780 0.587727
0.579000 0.577970 0.576950 0.575939 0.574937 0.573942 0.572952 0.571967 0.570984 0.570002 0.569019 0.568034 0.567044 0.566050 0.565049 0.564039 0.563021
0.579000 0.578940 0.578867 0.578781 0.578683 0.578575 0.578456 0.578326 0.578187 0.578039 0.577882 0.577715 0.577540 0.577356 0.577163 0.576961 0.576750
0.579000 0.579142 0.579301 0.579479 0.579677 0.579896 0.580137 0.580402 0.580689 0.581001 0.581336 0.581695 0.582077 0.582480 0.582905 0.583349 0.583811
0.579000 0.578446 0.577862 0.577252 0.576621 0.575975 0.575319 0.574660 0.574002 0.573354 0.572720 0.572108 0.571523 0.570973 0.570463 0.570000 0.569589
0.579000 0.581288 0.583537 0.585739 0.587884 0.589962 0.591967 0.593890 0.595724 0.597462 0.599098 0.600627 0.602044 0.603346 0.604529 0.605591 0.606530
0.579000 0.580530 0.582127 0.583783 0.585492 0.587246 0.589038 0.590858 0.592699 0.594551 0.596404 0.598248 0.600075 0.601873 0.603634 0.605346 0.607001
0.579000 0.577305 0.575636 0.574001 0.572411 0.570873 0.569396 0.567988 0.566657 0.565410 0.564254 0.563193 0.562235 0.561382 0.560641 0.560012 0.559501
0.579000 0.579319 0.579609 0.579870 0.580102 0.580308 0.580489 0.580646 0.580783 0.580901 0.581003 0.581093 0.581173 0.581248 0.581320 0.581393 0.581470
0.579000 0.579134 0.579290 0.579465 0.579659 0.579867 0.580088 0.580319 0.580558 0.580801 0.581047 0.581293 0.581536 0.581774 0.582004 0.582226 0.582435
0.579000 0.578149 0.577282 0.576403 0.575515 0.574622 0.573727 0.572834 0.571946 0.571066 0.570199 0.569348 0.568517 0.567708 0.566925 0.566171 0.565450
0.579000 0.579580 0.580145 0.580693 0.581221 0.581725 0.582204 0.582654 0.583074 0.583460 0.583812 0.584127 0.584404 0.584642 0.584840 0.584998 0.585114
0.579000 0.578895 0.578819 0.578772 0.578754 0.578763 0.578798 0.578859 0.578943 0.579047 0.579170 0.579310 0.579462 0.579624 0.579792 0.579963 0.580133
0.579000 0.578232 0.577437 0.576620 0.575785 0.574938 0.574083 0.573224 0.572367 0.571516 0.570676 0.569852 0.569048 0.568269 0.567518 0.566799 0.566116
0.579000 0.579130 0.579232 0.579304 0.579343 0.579349 0.579320 0.579254 0.579151 0.579011 0.578833 0.578619 0.578368 0.578082 0.577763 0.577411 0.577030
0.579000 0.579354 0.579730 0.580125 0.580539 0.580967 0.581409 0.581861 0.582321 0.582785 0.583251 0.583716 0.584176 0.584628 0.585070 0.585498 0.585909
0.579000 0.579240 0.579478 0.579715 0.579952 0.580188 0.580426 0.580666 0.580908 0.581153 0.581402 0.581655 0.581914 0.582178 0.582449 0.582726 0.583011
0.579000 0.579312 0.579633 0.579960 0.580292 0.580626 0.580960 0.581291 0.581619 0.581939 0.582250 0.582551 0.582838 0.583110 0.583365 0.583601 0.583818
0.579000 0.578758 0.578544 0.578361 0.578211 0.578098 0.578021 0.577984 0.577986 0.578028 0.578109 0.578230 0.578389 0.578585 0.578815 0.579077 0.579368
0.579000 0.578751 0.578468 0.578155 0.577814 0.577451 0.577070 0.576676 0.576275 0.575871 0.575471 0.575081 0.574706 0.574352 0.574025 0.573731 0.573475
0.579000 0.579181 0.579340 0.579472 0.579573 0.579638 0.579664 0.579648 0.579585 0.579475 0.579315 0.579104 0.578842 0.578530 0.578168 0.577757 0.577301
0.579000 0.579139 0.579311 0.579514 0.579748 0.580009 0.580296 0.580604 0.580932 0.581274 0.581626 0.581985 0.582345 0.582702 0.583050 0.583384 0.583700
0.579000 0.578926 0.578851 0.578776 0.578704 0.578637 0.578577 0.578527 0.578490 0.578468 0.578464 0.578479 0.578517 0.578578 0.578666 0.578780 0.578923
0.579000 0.579103 0.579211 0.579321 0.579431 0.579538 0.579637 0.579728 0.579806 0.579870 0.579917 0.579945 0.579954 0.579942 0.579909 0.579853 0.579776
0.579000 0.578842 0.578721 0.578640 0.578599 0.578600 0.578642 0.578725 0.578847 0.579007 0.579203 0.579433 0.579694 0.579981 0.580293 0.580626 0.580974
0.579000 0.578698 0.578381 0.578053 0.577720 0.577387 0.577058 0.576737 0.576430 0.576138 0.575867 0.575618 0.575393 0.575195 0.575025 0.574883 0.574769
0.579000 0.578994 0.578960 0.578898 0.578813 0.578708 0.578587 0.578454 0.578315 0.578173 0.578034 0.577902 0.577781 0.577677 0.577593 0.577533 0.577499
0.579000 0.579066 0.579084 0.579051 0.578966 0.578830 0.578641 0.578403 0.578116 0.577783 0.577409 0.576998 0.576555 0.576087 0.575600 0.575101 0.574597
0.579000 0.579453 0.579907 0.580354 0.580788 0.581200 0.581586 0.581936 0.582246 0.582508 0.582718 0.582869 0.582958 0.582980 0.582933 0.582814 0.582624
0.579000 0.579010 0.579054 0.579134 0.579248 0.579396 0.579575 0.579784 0.580020 0.580280 0.580561 0.580859 0.581168 0.581486 0.581805 0.582121 0.582427
0.579000 0.579080 0.579160 0.579239 0.579318 0.579396 0.579472 0.579546 0.579618 0.579689 0.579759 0.579829 0.579900 0.579973 0.580051 0.580136 0.580230
0.579000 0.579000 0.579033 0.579099 0.579196 0.579323 0.579476 0.579649 0.579840 0.580040 0.580243 0.580444 0.580633 0.580803 0.580946 0.581054 0.581121
0.579000 0.578822 0.578652 0.578499 0.578372 0.578282 0.578237 0.578248 0.578321 0.578466 0.578688 0.578994 0.579385 0.579865 0.580434 0.581091 0.581831
0.579000 0.578913 0.578768 0.578558 0.578278 0.577926 0.577501 0.577003 0.576436 0.575806 0.575119 0.574384 0.573610 0.572810 0.571994 0.571174 0.570364
0.579000 0.579289 0.579684 0.580173 0.580743 0.581379 0.582068 0.582796 0.583547 0.584309 0.585069 0.585814 0.586535 0.587222 0.587867 0.588465 0.589013
0.579000 0.577725 0.576512 0.575370 0.574309 0.573335 0.572454 0.571671 0.570988 0.570405 0.569921 0.569536 0.569245 0.569043 0.568927 0.568888 0.568921
0.579000 0.578713 0.578329 0.577854 0.577297 0.576664 0.575963 0.575203 0.574393 0.573540 0.572653 0.571739 0.570805 0.569859 0.568905 0.567950 0.566997
0.579000 0.578301 0.577598 0.576889 0.576176 0.575459 0.574739 0.574017 0.573294 0.572573 0.571856 0.571146 0.570444 0.569753 0.569077 0.568418 0.567779
0.579000 0.578813 0.578590 0.578331 0.578037 0.577709 0.577349 0.576958 0.576537 0.576089 0.575617 0.575121 0.574605 0.574073 0.573526 0.572968 0.572402
0.579000 0.579922 0.580820 0.581689 0.582523 0.583318 0.584069 0.584772 0.585422 0.586017 0.586553 0.587027 0.587437 0.587782 0.588060 0.588270 0.588412
0.579000 0.579219 0.579471 0.579752 0.580059 0.580388 0.580732 0.581088 0.581449 0.581809 0.582164 0.582506 0.582828 0.583126 0.583392 0.583620 0.583804
0.579000 0.578651 0.578334 0.578054 0.577816 0.577622 0.577477 0.577383 0.577343 0.577359 0.577433 0.577564 0.577754 0.578003 0.578310 0.578672 0.579089
0.579000 0.577776 0.576523 0.575245 0.573947 0.572634 0.571311 0.569984 0.568657 0.567337 0.566029 0.564740 0.563475 0.562240 0.561042 0.559887 0.558779
0.579000 0.579506 0.579987 0.580441 0.580864 0.581254 0.581610 0.581929 0.582209 0.582450 0.582650 0.582808 0.582924 0.582996 0.583025 0.583011 0.582955
0.579000 0.578771 0.578558 0.578363 0.578186 0.578029 0.577892 0.577776 0.577682 0.577608 0.577557 0.577528 0.577521 0.577535 0.577571 0.577629 0.577707
0.579000 0.579342 0.579661 0.579954 0.580222 0.580463 0.580679 0.580869 0.581032 0.581169 0.581281 0.581366 0.581427 0.581462 0.581474 0.581461 0.581426
0.579000 0.580714 0.582423 0.584123 0.585809 0.587479 0.589128 0.590754 0.592352 0.593920 0.595455 0.596954 0.598413 0.599831 0.601204 0.602531 0.603808
0.579000 0.578581 0.578172 0.577773 0.577382 0.576998 0.576620 0.576246 0.575875 0.575507 0.575140 0.574772 0.574404 0.574034 0.573661 0.573285 0.572905
0.579000 0.580115 0.581255 0.582418 0.583600 0.584798 0.586008 0.587228 0.588453 0.589679 0.590901 0.592117 0.593320 0.594508 0.595674 0.596815 0.597926
0.579000 0.577341 0.575720 0.574143 0.572617 0.571150 0.569749 0.568418 0.567165 0.565995 0.564912 0.563922 0.563027 0.562233 0.561540 0.560953 0.560471
0.579000 0.577671 0.576309 0.574919 0.573507 0.572077 0.570636 0.569188 0.567741 0.566301 0.564876 0.563471 0.562095 0.560755 0.559459 0.558214 0.557028
0.579000 0.580504 0.581998 0.583469 0.584908 0.586302 0.587642 0.588916 0.590116 0.591231 0.592253 0.593175 0.593989 0.594687 0.595265 0.595716 0.596037
0.579000 0.578316 0.577675 0.577075 0.576514 0.575991 0.575503 0.575048 0.574624 0.574226 0.573853 0.573500 0.573164 0.572841 0.572527 0.572219 0.571912
0.579000 0.576129 0.573352 0.570680 0.568120 0.565680 0.563365 0.561181 0.559132 0.557222 0.555452 0.553824 0.552339 0.550994 0.549789 0.548722 0.547787
