0.100319
0.105264
0.107579
0.121760
0.121295
0.137560
0.133912
0.149946
0.171729
0.167642
0.185399
0.192144
0.204745
0.223840
0.256304
0.277370
0.292906
0.316717
0.346327
0.377946
0.427895
0.443658
0.484066
0.536266
0.584045
0.650014
0.724887
0.773449
0.827856
0.932747
1.001028
1.077915
1.183599
1.275464
1.376186
1.447851
1.525116
1.627281
1.705541
1.808447
1.880134
2.005728
1.849151
0.486614
0.458979
0.412627
0.379890
0.337913
0.317017
0.307554
0.276081
0.251974
0.250088
0.217494
0.202636
0.196890
0.183131
0.165536
0.153505
0.155975
0.157675
