1.000000
0.990491
0.999219
0.979024
0.990024
0.988776
0.979628
0.995104
0.976719
0.983991
0.977650
0.985283
0.987159
0.983036
0.968258
0.971814
0.950456
0.951690
0.940805
0.939521
0.910445
0.905129
0.891967
0.875143
0.848947
0.819307
0.780248
0.748332
0.727440
0.672713
0.635084
0.591429
0.543193
0.493347
0.450625
0.423568
0.387148
0.351207
0.316659
0.283006
0.258423
0.244872
0.213876
0.611848
0.621664
0.640476
0.645036
0.650964
0.657949
0.657444
0.655825
0.673761
0.659269
0.664442
0.677504
0.672381
0.674675
0.676908
0.685162
0.681189
0.676381
