1.000000
0.981238
0.998055
0.978693
0.990756
0.982370
0.977866
0.994149
0.964717
0.980754
0.969124
0.976527
0.975070
0.976522
0.965864
0.951078
0.939510
0.937967
0.917767
0.913386
0.874644
0.869628
0.856419
0.826224
0.797564
0.761196
0.704878
0.672572
0.642410
0.574484
0.527571
0.482463
0.424584
0.373257
0.331590
0.298929
0.264947
0.228317
0.198663
0.170805
0.153032
0.133690
0.129035
0.586847
0.591681
0.617312
0.621043
0.638759
0.647817
0.651678
0.649696
0.663620
0.656118
0.661062
0.672694
0.667062
0.675256
0.674110
0.684223
0.679379
0.678400
