0.026522
0.013033
0.019014
0.046716
0.018289
0.042317
0.045835
0.001182
0.066212
0.023812
0.003525
0.032325
0.043774
0.027793
0.032748
0.023182
0.002091
0.003009
0.001896
0.000510
0.033012
0.016955
0.016202
0.008238
0.010611
0.006683
0.019480
0.001513
0.016297
0.012478
0.000549
0.001145
0.010067
0.012151
0.022654
0.004991
0.001430
0.001268
0.007335
0.000018
0.000557
0.001430
0.054750
0.035037
0.001428
0.010150
0.006104
0.029471
0.011203
0.040639
0.007170
0.013778
0.056408
0.015764
0.020343
0.015666
0.011098
0.030138
0.043414
0.030157
0.105937
