0.025541
0.016709
0.019622
0.045476
0.020153
0.043899
0.046855
0.000584
0.070072
0.025081
0.004513
0.031802
0.042231
0.029706
0.027655
0.026810
0.000636
0.005781
0.001386
0.000502
0.036424
0.016912
0.019608
0.007875
0.013220
0.003131
0.022438
0.001818
0.020876
0.013108
0.001028
0.004677
0.012453
0.014244
0.021016
0.005922
0.004080
0.002365
0.005576
0.001370
0.008238
0.010848
0.107191
0.039030
0.002768
0.008780
0.001436
0.031967
0.013637
0.036144
0.004348
0.012681
0.053019
0.018057
0.021033
0.015899
0.007339
0.030951
0.045222
0.029167
0.102036
