0.004791
0.004192
0.005246
0.014323
0.002373
0.002617
0.010675
0.006342
0.010655
0.001397
0.005613
0.004800
0.009870
0.009404
0.001345
0.007659
0.008192
0.000716
0.001592
0.008138
0.009967
0.000135
0.004699
0.008643
0.005549
0.002297
0.008626
0.006385
0.015992
0.004920
0.001808
0.001593
0.006179
0.019316
0.022021
0.007632
0.012612
0.012142
0.006778
0.006830
0.000873
0.045929
0.006333
0.007504
0.000978
0.013441
0.006629
0.004622
0.006231
0.002007
0.010589
0.011256
0.014751
0.010622
0.005726
0.004492
0.003330
0.001952
0.008546
0.001261
0.007041
