0.001914
0.007218
0.001240
0.002374
0.003807
0.003029
0.002143
0.003537
0.007201
0.002605
0.001967
0.001080
0.003218
0.003946
0.009937
0.007054
0.005466
0.005584
0.001021
0.000016
0.006573
0.000087
0.006961
0.000732
0.005296
0.007094
0.005778
0.006686
0.009374
0.001242
0.003148
0.007110
0.004707
0.004123
0.003210
0.001849
0.005329
0.007237
0.003535
0.002770
0.017814
0.024145
0.120924
0.008327
0.008351
0.002761
0.009328
0.005164
0.004943
0.008696
0.005626
0.002220
0.006447
0.004674
0.001409
0.000458
0.007477
0.001679
0.003791
0.001925
0.007091
