0.006714
0.011380
0.006493
0.011983
0.001425
0.005637
0.008555
0.009902
0.017778
0.001204
0.007569
0.003715
0.006620
0.013387
0.008578
0.000550
0.002771
0.006304
0.002612
0.008122
0.016474
0.000047
0.011692
0.007904
0.010874
0.009407
0.014354
0.000258
0.025516
0.006156
0.001345
0.008715
0.010857
0.023359
0.018882
0.005768
0.018008
0.004817
0.003219
0.009582
0.018702
0.020675
0.128022
0.015894
0.007380
0.010643
0.002761
0.009810
0.011205
0.006671
0.005022
0.009011
0.008399
0.005998
0.007143
0.004948
0.004122
0.000277
0.012369
0.003188
0.000000
