1.000000
0.990658
0.998835
0.999662
1.000740
0.993521
0.998202
0.999039
0.987712
0.996711
0.991280
0.991113
0.987754
0.993373
0.997527
0.978663
0.988483
0.985581
0.975513
0.972183
0.960677
0.960778
0.960147
0.944101
0.939474
0.929073
0.903403
0.898762
0.883110
0.853982
0.830710
0.815758
0.781645
0.756581
0.735845
0.705740
0.684356
0.650092
0.627372
0.603537
0.592174
0.545959
0.603315
0.959139
0.951770
0.963834
0.962803
0.981251
0.984602
0.991230
0.990655
0.984949
0.995220
0.994912
0.992901
0.992089
1.000861
0.995867
0.998628
0.997343
1.002984
