0.579000 0.579798 0.580639 0.581522 0.582447 0.583417 0.584430 0.585487 0.586587 0.587731 0.588919 0.590148 0.591419 0.592731 0.594082 0.595472 0.596898
0.579000 0.579114 0.579246 0.579399 0.579572 0.579768 0.579989 0.580235 0.580508 0.580809 0.581140 0.581500 0.581892 0.582317 0.582774 0.583264 0.583788
0.579000 0.578430 0.577854 0.577276 0.576697 0.576120 0.575548 0.574983 0.574429 0.573887 0.573361 0.572853 0.572366 0.571902 0.571465 0.571056 0.570678
0.579000 0.580258 0.581504 0.582735 0.583952 0.585152 0.586334 0.587498 0.588642 0.589767 0.590871 0.591955 0.593018 0.594060 0.595081 0.596082 0.597063
0.579000 0.578355 0.577706 0.577050 0.576384 0.575705 0.575012 0.574300 0.573569 0.572816 0.572038 0.571234 0.570401 0.569540 0.568649 0.567726 0.566771
0.579000 0.580286 0.581599 0.582938 0.584302 0.585688 0.587094 0.588518 0.589957 0.591408 0.592868 0.594334 0.595801 0.597267 0.598728 0.600178 0.601614
0.579000 0.576657 0.574312 0.571975 0.569654 0.567359 0.565099 0.562883 0.560720 0.558618 0.556586 0.554632 0.552764 0.550988 0.549312 0.547743 0.546284
0.579000 0.579626 0.580201 0.580724 0.581195 0.581613 0.581978 0.582292 0.582554 0.582766 0.582930 0.583049 0.583125 0.583161 0.583160 0.583126 0.583062
0.579000 0.581100 0.583230 0.585380 0.587539 0.589697 0.591843 0.593968 0.596060 0.598109 0.600106 0.602040 0.603901 0.605682 0.607371 0.608963 0.610447
0.579000 0.577854 0.576729 0.575628 0.574553 0.573506 0.572489 0.571502 0.570548 0.569628 0.568741 0.567888 0.567069 0.566285 0.565535 0.564819 0.564135
0.579000 0.578883 0.578764 0.578644 0.578524 0.578405 0.578288 0.578174 0.578065 0.577960 0.577862 0.577773 0.577692 0.577621 0.577562 0.577516 0.577484
0.579000 0.577756 0.576541 0.575356 0.574201 0.573078 0.571987 0.570926 0.569897 0.568897 0.567928 0.566988 0.566076 0.565191 0.564332 0.563497 0.562685
0.579000 0.577483 0.575966 0.574457 0.572964 0.571494 0.570055 0.568655 0.567299 0.565997 0.564753 0.563573 0.562465 0.561432 0.560479 0.559612 0.558833
0.579000 0.578668 0.578271 0.577812 0.577293 0.576717 0.576087 0.575408 0.574683 0.573918 0.573117 0.572287 0.571433 0.570562 0.569680 0.568794 0.567910
0.579000 0.580631 0.582230 0.583789 0.585299 0.586750 0.588135 0.589446 0.590675 0.591814 0.592859 0.593803 0.594641 0.595368 0.595980 0.596475 0.596851
0.579000 0.579875 0.580805 0.581786 0.582815 0.583886 0.584994 0.586133 0.587297 0.588479 0.589672 0.590870 0.592064 0.593247 0.594412 0.595550 0.596654
0.579000 0.578538 0.578088 0.577654 0.577241 0.576852 0.576494 0.576169 0.575880 0.575631 0.575424 0.575262 0.575146 0.575077 0.575057 0.575086 0.575163
0.579000 0.578958 0.578897 0.578818 0.578723 0.578615 0.578497 0.578371 0.578241 0.578109 0.577978 0.577851 0.577731 0.577620 0.577523 0.577440 0.577375
0.579000 0.578878 0.578750 0.578613 0.578470 0.578321 0.578167 0.578008 0.577847 0.577684 0.577522 0.577362 0.577208 0.577060 0.576923 0.576797 0.576687
0.579000 0.579463 0.579913 0.580346 0.580758 0.581147 0.581508 0.581839 0.582137 0.582400 0.582625 0.582811 0.582957 0.583060 0.583121 0.583140 0.583116
0.579000 0.579592 0.580230 0.580913 0.581637 0.582398 0.583192 0.584015 0.584862 0.585727 0.586606 0.587493 0.588382 0.589269 0.590146 0.591008 0.591850
0.579000 0.578069 0.577159 0.576276 0.575425 0.574609 0.573834 0.573102 0.572419 0.571787 0.571208 0.570686 0.570221 0.569817 0.569473 0.569190 0.568969
0.579000 0.578714 0.578395 0.578046 0.577670 0.577268 0.576842 0.576396 0.575934 0.575456 0.574968 0.574473 0.573973 0.573473 0.572975 0.572484 0.572003
0.579000 0.579008 0.579015 0.579020 0.579024 0.579025 0.579024 0.579020 0.579014 0.579006 0.578996 0.578983 0.578969 0.578953 0.578935 0.578917 0.578897
0.579000 0.578965 0.578902 0.578812 0.578695 0.578553 0.578386 0.578195 0.577982 0.577749 0.577498 0.577230 0.576949 0.576656 0.576355 0.576049 0.575740
0.579000 0.579497 0.579986 0.580464 0.580926 0.581369 0.581789 0.582180 0.582541 0.582866 0.583152 0.583397 0.583597 0.583751 0.583855 0.583908 0.583909
0.579000 0.579115 0.579268 0.579460 0.579690 0.579960 0.580267 0.580610 0.580988 0.581398 0.581838 0.582305 0.582794 0.583301 0.583823 0.584353 0.584888
0.579000 0.578769 0.578524 0.578268 0.578006 0.577742 0.577478 0.577221 0.576974 0.576742 0.576529 0.576340 0.576178 0.576048 0.575952 0.575895 0.575879
0.579000 0.579167 0.579317 0.579445 0.579550 0.579627 0.579676 0.579693 0.579678 0.579628 0.579545 0.579428 0.579278 0.579095 0.578883 0.578642 0.578376
0.579000 0.579134 0.579293 0.579477 0.579685 0.579914 0.580164 0.580431 0.580712 0.581005 0.581305 0.581610 0.581914 0.582214 0.582505 0.582782 0.583042
0.579000 0.578936 0.578873 0.578813 0.578759 0.578714 0.578678 0.578656 0.578649 0.578660 0.578691 0.578746 0.578825 0.578932 0.579067 0.579234 0.579432
0.579000 0.579057 0.579115 0.579172 0.579226 0.579275 0.579316 0.579348 0.579369 0.579376 0.579368 0.579345 0.579303 0.579244 0.579168 0.579073 0.578962
0.579000 0.578889 0.578800 0.578735 0.578701 0.578700 0.578734 0.578805 0.578914 0.579059 0.579240 0.579455 0.579701 0.579974 0.580271 0.580587 0.580918
0.579000 0.578884 0.578706 0.578472 0.578189 0.577867 0.577514 0.577141 0.576756 0.576371 0.575996 0.575639 0.575309 0.575016 0.574766 0.574566 0.574421
0.579000 0.579539 0.580024 0.580445 0.580794 0.581067 0.581256 0.581361 0.581378 0.581309 0.581156 0.580923 0.580615 0.580239 0.579803 0.579314 0.578781
0.579000 0.579453 0.579952 0.580487 0.581048 0.581623 0.582202 0.582772 0.583324 0.583847 0.584330 0.584767 0.585149 0.585470 0.585726 0.585913 0.586031
0.579000 0.579096 0.579252 0.579469 0.579745 0.580077 0.580460 0.580886 0.581348 0.581838 0.582344 0.582858 0.583368 0.583864 0.584335 0.584772 0.585164
0.579000 0.578911 0.578857 0.578849 0.578898 0.579012 0.579197 0.579460 0.579804 0.580227 0.580730 0.581306 0.581951 0.582653 0.583402 0.584185 0.584987
0.579000 0.578845 0.578638 0.578390 0.578113 0.577822 0.577533 0.577264 0.577031 0.576853 0.576747 0.576730 0.576813 0.577011 0.577330 0.577777 0.578353
0.579000 0.579335 0.579593 0.579761 0.579829 0.579792 0.579646 0.579393 0.579041 0.578599 0.578084 0.577513 0.576909 0.576300 0.575715 0.575184 0.574740
0.579000 0.579498 0.580081 0.580721 0.581385 0.582040 0.582651 0.583183 0.583603 0.583876 0.583973 0.583864 0.583524 0.582934 0.582078 0.580945 0.579531
0.579000 0.578581 0.578442 0.578598 0.579056 0.579821 0.580892 0.582262 0.583918 0.585844 0.588018 0.590411 0.592991 0.595723 0.598567 0.601480 0.604417
0.579000 0.576639 0.574206 0.571732 0.569249 0.566791 0.564392 0.562086 0.559906 0.557886 0.556057 0.554448 0.553085 0.551990 0.551183 0.550677 0.550484
0.579000 0.579616 0.580003 0.580155 0.580066 0.579734 0.579161 0.578352 0.577313 0.576056 0.574594 0.572944 0.571125 0.569158 0.567068 0.564879 0.562618
0.579000 0.579065 0.579163 0.579285 0.579421 0.579560 0.579690 0.579802 0.579885 0.579927 0.579921 0.579856 0.579727 0.579525 0.579245 0.578886 0.578443
0.579000 0.579026 0.579071 0.579135 0.579218 0.579319 0.579435 0.579563 0.579700 0.579843 0.579986 0.580123 0.580251 0.580361 0.580449 0.580507 0.580530
0.579000 0.578716 0.578464 0.578245 0.578062 0.577918 0.577813 0.577749 0.577728 0.577748 0.577811 0.577915 0.578059 0.578240 0.578457 0.578706 0.578984
0.579000 0.577981 0.576940 0.575886 0.574824 0.573763 0.572710 0.571672 0.570657 0.569672 0.568726 0.567826 0.566978 0.566190 0.565467 0.564817 0.564245
0.579000 0.579330 0.579594 0.579788 0.579910 0.579958 0.579931 0.579829 0.579651 0.579400 0.579075 0.578681 0.578219 0.577694 0.577110 0.576472 0.575786
0.579000 0.580616 0.582237 0.583857 0.585466 0.587058 0.588624 0.590154 0.591642 0.593078 0.594453 0.595761 0.596993 0.598141 0.599199 0.600158 0.601013
0.579000 0.578442 0.577924 0.577451 0.577027 0.576656 0.576341 0.576086 0.575893 0.575763 0.575699 0.575700 0.575767 0.575900 0.576098 0.576359 0.576681
0.579000 0.579003 0.578983 0.578940 0.578875 0.578790 0.578686 0.578565 0.578430 0.578282 0.578125 0.577962 0.577794 0.577627 0.577462 0.577304 0.577155
0.579000 0.580629 0.582265 0.583900 0.585529 0.587145 0.588741 0.590312 0.591851 0.593352 0.594809 0.596216 0.597568 0.598860 0.600088 0.601245 0.602330
0.579000 0.577670 0.576371 0.575108 0.573885 0.572707 0.571578 0.570500 0.569479 0.568515 0.567611 0.566770 0.565993 0.565279 0.564631 0.564049 0.563530
0.579000 0.578387 0.577759 0.577121 0.576476 0.575830 0.575188 0.574556 0.573939 0.573341 0.572770 0.572229 0.571725 0.571263 0.570848 0.570484 0.570177
0.579000 0.579657 0.580301 0.580926 0.581527 0.582097 0.582631 0.583124 0.583572 0.583971 0.584317 0.584606 0.584836 0.585005 0.585111 0.585153 0.585130
0.579000 0.579276 0.579571 0.579881 0.580201 0.580528 0.580857 0.581184 0.581502 0.581808 0.582096 0.582362 0.582599 0.582804 0.582972 0.583098 0.583177
0.579000 0.577404 0.575831 0.574289 0.572788 0.571334 0.569936 0.568598 0.567329 0.566133 0.565016 0.563982 0.563035 0.562177 0.561413 0.560742 0.560167
0.579000 0.577570 0.576103 0.574610 0.573103 0.571595 0.570098 0.568624 0.567184 0.565792 0.564459 0.563197 0.562015 0.560927 0.559940 0.559065 0.558311
0.579000 0.580781 0.582491 0.584125 0.585677 0.587143 0.588520 0.589802 0.590989 0.592078 0.593067 0.593955 0.594743 0.595431 0.596020 0.596511 0.596907
0.579000 0.583992 0.588879 0.593640 0.598251 0.602692 0.606941 0.610981 0.614794 0.618363 0.621674 0.624714 0.627471 0.629935 0.632099 0.633957 0.635503
