0.098135
0.105031
0.108715
0.115624
0.124555
0.134317
0.141073
0.150247
0.160202
0.175290
0.183234
0.199278
0.212753
0.233266
0.247735
0.274551
0.290884
0.312678
0.343968
0.378636
0.406590
0.454786
0.491043
0.536552
0.584295
0.637413
0.696085
0.781757
0.842160
0.922856
1.000349
1.099746
1.158670
1.233041
1.374124
1.428582
1.505915
1.644843
1.728147
1.783525
1.868369
2.000844
2.083424
0.512094
0.449937
0.422736
0.388255
0.350554
0.319665
0.291033
0.277332
0.259850
0.236106
0.216629
0.204763
0.193128
0.179771
0.168432
0.158988
0.151434
0.144345
