1.000000
0.981833
0.999985
0.999976
0.992268
0.973855
0.987363
0.983683
0.996605
0.968151
0.987002
0.978396
0.982172
0.967935
0.971479
0.946392
0.968363
0.965796
0.953344
0.932957
0.931831
0.900102
0.889152
0.878407
0.856270
0.831333
0.799401
0.748214
0.717230
0.674043
0.633863
0.582355
0.553018
0.512451
0.452334
0.425509
0.389776
0.342461
0.312623
0.288585
0.262890
0.232483
0.210910
0.599194
0.630363
0.621915
0.628008
0.643225
0.659339
0.671727
0.661894
0.655209
0.671316
0.683551
0.684644
0.679147
0.681883
0.689349
0.687034
0.681323
0.674965
