1.000000
0.980918
0.994123
0.999947
0.988377
0.972761
0.976627
0.983718
0.983045
0.959526
0.982815
0.968095
0.975965
0.949225
0.967642
0.941097
0.942874
0.951921
0.928738
0.902851
0.905688
0.862748
0.854797
0.822905
0.798346
0.766568
0.731490
0.665897
0.630547
0.577548
0.528177
0.470895
0.432604
0.389883
0.331501
0.298904
0.263541
0.223808
0.196610
0.174958
0.151642
0.129402
0.113420
0.571985
0.608608
0.604869
0.610026
0.631068
0.640245
0.662038
0.647606
0.644360
0.661299
0.682046
0.676105
0.671441
0.681426
0.682754
0.685566
0.681266
0.678400
