0.003219
0.014453
0.009268
0.007209
0.006182
0.019285
0.004113
0.001422
0.001760
0.019397
0.007217
0.004149
0.004771
0.011152
0.006703
0.016372
0.007536
0.018462
0.008188
0.001324
0.015180
0.007748
0.005475
0.007345
0.012799
0.016315
0.018187
0.008904
0.003959
0.002365
0.000349
0.015481
0.008871
0.019490
0.019487
0.007466
0.016619
0.013183
0.007605
0.012430
0.014444
0.008386
0.005921
0.011288
0.016988
0.015505
0.020553
0.004246
0.005398
0.019514
0.008897
0.018179
0.005854
0.021958
0.010757
0.003511
0.011144
0.013999
0.011119
0.000799
0.008869
