0.004791
0.012897
0.006017
0.006772
0.000112
0.017668
0.002863
0.005208
0.009489
0.017472
0.003898
0.002224
0.004768
0.006103
0.001976
0.018700
0.010493
0.015549
0.011715
0.001095
0.013288
0.005420
0.001529
0.012405
0.014222
0.017010
0.015710
0.006542
0.001733
0.002951
0.000118
0.013774
0.011796
0.018660
0.018311
0.012249
0.019487
0.013064
0.006054
0.012750
0.018173
0.006989
0.007622
0.013331
0.014985
0.015928
0.019944
0.007321
0.008357
0.019674
0.001433
0.016588
0.003252
0.017831
0.016324
0.005526
0.007318
0.016390
0.011301
0.001458
0.009121
