0.004178
0.015067
0.010988
0.005877
0.005745
0.020480
0.000608
0.003691
0.006025
0.017843
0.005956
0.002775
0.003398
0.006647
0.002518
0.020894
0.012307
0.015699
0.009367
0.000980
0.012682
0.006508
0.001389
0.011545
0.013946
0.016546
0.014738
0.007314
0.001552
0.003417
0.000308
0.014607
0.010818
0.018776
0.019054
0.010688
0.019943
0.012174
0.007051
0.011578
0.018673
0.005804
0.005484
0.013079
0.014071
0.018699
0.020289
0.006759
0.009832
0.018072
0.005461
0.016269
0.007749
0.018255
0.012742
0.005466
0.008213
0.015868
0.009625
0.001452
0.013501
