0.001914
0.001210
0.003468
0.002684
0.000869
0.002346
0.006969
0.004538
0.008526
0.003048
0.002542
0.002734
0.002762
0.008892
0.008443
0.008917
0.009593
0.005638
0.002377
0.004596
0.005079
0.002458
0.008234
0.008445
0.002323
0.000471
0.007038
0.003148
0.004838
0.002101
0.000081
0.001721
0.003924
0.001458
0.000849
0.006483
0.006749
0.001990
0.001100
0.001727
0.008564
0.005115
0.000870
0.003545
0.005942
0.006300
0.000516
0.005010
0.008897
0.002944
0.006800
0.003747
0.003809
0.007588
0.004009
0.003920
0.005936
0.003786
0.003022
0.004510
0.009205
