0.006714
0.011702
0.002528
0.009473
0.000981
0.015363
0.009812
0.000694
0.000882
0.020467
0.006450
0.004952
0.007544
0.014940
0.010435
0.009949
0.000800
0.021275
0.009310
0.003506
0.018435
0.007865
0.009776
0.003855
0.011865
0.016531
0.022858
0.009670
0.006579
0.000857
0.000199
0.015471
0.007826
0.020146
0.019145
0.005686
0.012606
0.015028
0.007147
0.014499
0.009454
0.012067
0.008486
0.009834
0.021017
0.009729
0.020450
0.002348
0.000614
0.022676
0.008223
0.020273
0.000569
0.025554
0.012249
0.001585
0.013297
0.012542
0.014357
0.005975
0.000000
