1.000000
0.999068
0.994138
0.999971
0.996078
0.998877
0.989126
1.000036
0.986393
0.991091
0.995758
0.989472
0.993680
0.980670
0.996051
0.994405
0.973679
0.985633
0.974189
0.967730
0.971945
0.958500
0.961361
0.936815
0.932354
0.922094
0.915048
0.889982
0.879142
0.856841
0.833266
0.808605
0.782260
0.760820
0.732867
0.702463
0.676134
0.653527
0.628905
0.606259
0.576827
0.556606
0.537762
0.954590
0.965488
0.972592
0.971366
0.981100
0.971041
0.985577
0.978414
0.983442
0.985079
0.997798
0.987529
0.988653
0.999330
0.990433
0.997864
0.999917
1.005090
