0.100189
0.105098
0.107450
0.128061
0.123725
0.130974
0.143877
0.141709
0.161456
0.163599
0.184419
0.203233
0.208974
0.238657
0.250419
0.265936
0.302749
0.319194
0.348770
0.382578
0.412251
0.433380
0.495904
0.541906
0.587937
0.654066
0.716540
0.784096
0.848548
0.903604
1.002086
1.095348
1.165262
1.250446
1.352318
1.438172
1.526068
1.629612
1.688038
1.783135
1.872205
2.006902
1.852266
0.491231
0.470694
0.406236
0.375717
0.354281
0.316099
0.286990
0.286122
0.254364
0.222043
0.230936
0.214494
0.179856
0.184002
0.173858
0.165784
0.154873
0.142855
