1.000000
0.985166
0.997064
0.990212
0.980542
0.999111
0.976538
0.999518
0.987633
0.988860
0.988624
0.978500
0.990837
0.981388
0.955646
0.966095
0.942781
0.943815
0.936165
0.924962
0.912208
0.920641
0.887525
0.865185
0.850750
0.816635
0.778761
0.744317
0.708947
0.685330
0.633569
0.586210
0.551800
0.510673
0.455310
0.422934
0.386694
0.348570
0.320665
0.286110
0.260534
0.246912
0.211773
0.606845
0.610835
0.631423
0.643406
0.648924
0.644375
0.666101
0.668299
0.666514
0.677240
0.680361
0.665623
0.682862
0.684887
0.674112
0.680686
0.671393
0.661855
