1.000000
0.985439
0.996559
0.983388
0.975251
0.988167
0.967992
0.987759
0.977088
0.981339
0.987184
0.969091
0.977695
0.959680
0.947489
0.956720
0.930437
0.931162
0.914093
0.903129
0.883935
0.886610
0.849159
0.822370
0.799366
0.750914
0.710060
0.664194
0.625341
0.592209
0.530167
0.471046
0.436006
0.383938
0.332874
0.299374
0.261617
0.226139
0.201926
0.173797
0.154235
0.132265
0.125634
0.583272
0.581988
0.614465
0.625453
0.635346
0.638499
0.662116
0.655393
0.658400
0.667203
0.675352
0.659382
0.679134
0.676790
0.673233
0.678770
0.669407
0.678400
