0.004791
0.009545
0.003077
0.003059
0.011928
0.007809
0.013796
0.010806
0.000401
0.003544
0.005549
0.002117
0.013633
0.007711
0.014353
0.001729
0.016201
0.007565
0.006516
0.007484
0.008050
0.017274
0.000304
0.002835
0.007684
0.000972
0.010515
0.011717
0.009837
0.013744
0.000582
0.007246
0.009568
0.015126
0.011854
0.006125
0.011425
0.004541
0.019514
0.004063
0.009047
0.054639
0.003562
0.000733
0.016458
0.000883
0.004084
0.001474
0.014528
0.011135
0.008231
0.000380
0.012106
0.013082
0.011911
0.011027
0.011755
0.006075
0.001957
0.013137
0.028366
