0.006714
0.007147
0.004984
0.007243
0.014247
0.000231
0.018567
0.003411
0.005182
0.001802
0.010925
0.003928
0.009330
0.004091
0.010609
0.006486
0.012402
0.000997
0.006605
0.003199
0.006027
0.019576
0.003117
0.003203
0.013158
0.004227
0.007108
0.012203
0.001732
0.024506
0.003568
0.015156
0.015752
0.004588
0.015082
0.007268
0.005214
0.004768
0.019698
0.007770
0.026712
0.009795
0.098295
0.009706
0.023642
0.005981
0.004322
0.004415
0.003340
0.022797
0.003703
0.001074
0.008355
0.015490
0.012788
0.013061
0.006403
0.001578
0.004302
0.011537
0.000000
