0.024212
0.015103
0.020789
0.099579
0.000528
0.006079
0.024073
0.055480
0.006057
0.048592
0.000797
0.024075
0.022449
0.034521
0.004056
0.015521
0.032947
0.001994
0.005660
0.011747
0.001467
0.039687
0.004368
0.002561
0.006644
0.009385
0.010666
0.011923
0.003597
0.018546
0.002086
0.011420
0.003233
0.005650
0.003309
0.000803
0.003459
0.003801
0.015781
0.012646
0.012421
0.011440
0.105686
0.029914
0.028363
0.024133
0.012405
0.014924
0.016493
0.033134
0.040876
0.003318
0.065069
0.042632
0.036252
0.071992
0.012133
0.017765
0.031153
0.021892
0.001546
