0.025192
0.016332
0.019859
0.097269
0.001701
0.009823
0.021592
0.058941
0.003245
0.049419
0.001870
0.023145
0.024526
0.028445
0.005962
0.013186
0.034940
0.005304
0.005615
0.013929
0.000450
0.038601
0.006085
0.005592
0.003950
0.007739
0.012404
0.011674
0.007696
0.013350
0.004164
0.007383
0.000185
0.010825
0.001669
0.000236
0.006523
0.000861
0.015692
0.010825
0.003814
0.010298
0.061089
0.024860
0.024600
0.020786
0.012288
0.016413
0.010926
0.027574
0.038536
0.002972
0.066803
0.043871
0.035792
0.071059
0.009453
0.020065
0.032359
0.022721
0.012923
