0.001914
0.002422
0.001900
0.004197
0.002347
0.007519
0.004838
0.007316
0.005581
0.001736
0.005346
0.001815
0.004245
0.011712
0.003798
0.004749
0.003862
0.006618
0.000089
0.004318
0.002039
0.002262
0.003422
0.006055
0.005433
0.003258
0.003444
0.000492
0.008186
0.010616
0.004152
0.007968
0.006126
0.010381
0.003266
0.001136
0.006141
0.009267
0.000180
0.003692
0.017507
0.042521
0.102221
0.010446
0.007304
0.006870
0.000237
0.002937
0.011353
0.011533
0.004491
0.000694
0.003707
0.002377
0.000887
0.002012
0.005289
0.004524
0.002340
0.001622
0.029194
