1.000000
1.000277
0.999493
0.993109
0.994605
0.989046
0.991249
0.988235
0.989323
0.992395
0.998543
0.990384
0.986736
0.977880
0.991464
0.990297
0.986906
0.986594
0.976423
0.976396
0.969006
0.963036
0.956772
0.950514
0.939602
0.919523
0.911782
0.892354
0.882070
0.864121
0.836793
0.803545
0.790152
0.751826
0.731095
0.707850
0.676548
0.648762
0.629711
0.607448
0.591995
0.535679
0.593249
0.961154
0.952774
0.973142
0.972098
0.979076
0.990882
0.994018
0.980688
0.987826
0.985180
0.992638
0.990624
0.994540
0.988179
0.998696
0.997185
0.997042
1.024997
