0.579000 0.579503 0.580043 0.580628 0.581268 0.581972 0.582750 0.583609 0.584558 0.585604 0.586753 0.588013 0.589388 0.590883 0.592502 0.594249 0.596125
0.579000 0.579018 0.579037 0.579064 0.579103 0.579161 0.579243 0.579354 0.579500 0.579687 0.579919 0.580201 0.580540 0.580939 0.581402 0.581935 0.582541
0.579000 0.578532 0.578032 0.577500 0.576939 0.576350 0.575736 0.575099 0.574443 0.573770 0.573084 0.572390 0.571692 0.570994 0.570302 0.569621 0.568957
0.579000 0.582717 0.586438 0.590154 0.593852 0.597522 0.601153 0.604733 0.608253 0.611702 0.615070 0.618347 0.621523 0.624591 0.627539 0.630362 0.633051
0.579000 0.578232 0.577495 0.576791 0.576122 0.575488 0.574889 0.574327 0.573801 0.573311 0.572856 0.572437 0.572052 0.571700 0.571379 0.571089 0.570828
0.579000 0.578829 0.578653 0.578475 0.578299 0.578127 0.577964 0.577813 0.577676 0.577558 0.577461 0.577389 0.577344 0.577330 0.577348 0.577402 0.577494
0.579000 0.579201 0.579418 0.579649 0.579892 0.580145 0.580405 0.580671 0.580941 0.581214 0.581486 0.581758 0.582026 0.582290 0.582549 0.582800 0.583043
0.579000 0.577077 0.575163 0.573258 0.571366 0.569490 0.567631 0.565792 0.563974 0.562182 0.560415 0.558676 0.556968 0.555292 0.553651 0.552046 0.550479
0.579000 0.578994 0.578999 0.579017 0.579048 0.579094 0.579156 0.579235 0.579333 0.579449 0.579585 0.579740 0.579915 0.580110 0.580326 0.580560 0.580814
0.579000 0.577281 0.575547 0.573802 0.572049 0.570293 0.568539 0.566790 0.565052 0.563329 0.561626 0.559946 0.558294 0.556675 0.555093 0.553551 0.552055
0.579000 0.579640 0.580235 0.580781 0.581277 0.581721 0.582112 0.582449 0.582731 0.582956 0.583127 0.583241 0.583300 0.583305 0.583256 0.583155 0.583003
0.579000 0.579793 0.580599 0.581412 0.582230 0.583048 0.583862 0.584667 0.585459 0.586234 0.586989 0.587717 0.588417 0.589083 0.589712 0.590301 0.590845
0.579000 0.578465 0.577940 0.577426 0.576925 0.576437 0.575963 0.575506 0.575065 0.574641 0.574235 0.573848 0.573479 0.573131 0.572803 0.572494 0.572206
0.579000 0.580255 0.581529 0.582818 0.584120 0.585433 0.586754 0.588079 0.589408 0.590735 0.592059 0.593376 0.594683 0.595978 0.597257 0.598517 0.599755
0.579000 0.578497 0.578008 0.577536 0.577084 0.576653 0.576246 0.575865 0.575511 0.575186 0.574891 0.574628 0.574396 0.574197 0.574031 0.573898 0.573798
0.579000 0.578704 0.578374 0.578013 0.577623 0.577207 0.576770 0.576314 0.575844 0.575363 0.574876 0.574386 0.573899 0.573418 0.572949 0.572494 0.572060
0.579000 0.579789 0.580572 0.581348 0.582111 0.582859 0.583588 0.584294 0.584976 0.585629 0.586251 0.586841 0.587395 0.587911 0.588388 0.588825 0.589220
0.579000 0.578803 0.578621 0.578454 0.578301 0.578162 0.578038 0.577926 0.577828 0.577741 0.577666 0.577600 0.577543 0.577493 0.577449 0.577409 0.577372
0.579000 0.578962 0.578918 0.578868 0.578814 0.578755 0.578694 0.578630 0.578565 0.578500 0.578437 0.578376 0.578319 0.578268 0.578224 0.578187 0.578161
0.579000 0.579220 0.579453 0.579695 0.579945 0.580197 0.580451 0.580702 0.580947 0.581184 0.581410 0.581621 0.581815 0.581990 0.582142 0.582271 0.582373
0.579000 0.578383 0.577798 0.577250 0.576739 0.576268 0.575838 0.575449 0.575103 0.574799 0.574537 0.574316 0.574136 0.573995 0.573891 0.573822 0.573787
0.579000 0.578191 0.577357 0.576504 0.575637 0.574761 0.573880 0.573001 0.572128 0.571267 0.570423 0.569600 0.568804 0.568040 0.567311 0.566622 0.565976
0.579000 0.579484 0.579931 0.580339 0.580707 0.581033 0.581318 0.581560 0.581762 0.581922 0.582043 0.582126 0.582173 0.582186 0.582167 0.582120 0.582048
0.579000 0.579162 0.579328 0.579493 0.579655 0.579811 0.579956 0.580089 0.580205 0.580304 0.580381 0.580434 0.580462 0.580463 0.580436 0.580378 0.580290
0.579000 0.579082 0.579175 0.579278 0.579390 0.579511 0.579639 0.579771 0.579907 0.580044 0.580181 0.580313 0.580441 0.580560 0.580669 0.580766 0.580847
0.579000 0.579121 0.579254 0.579400 0.579561 0.579736 0.579926 0.580132 0.580354 0.580591 0.580843 0.581110 0.581390 0.581683 0.581986 0.582297 0.582616
0.579000 0.579009 0.579016 0.579022 0.579029 0.579038 0.579050 0.579068 0.579093 0.579126 0.579170 0.579225 0.579293 0.579376 0.579474 0.579589 0.579721
0.579000 0.578987 0.578972 0.578952 0.578930 0.578905 0.578878 0.578848 0.578816 0.578783 0.578749 0.578716 0.578684 0.578656 0.578631 0.578612 0.578600
0.579000 0.578942 0.578876 0.578804 0.578726 0.578642 0.578553 0.578458 0.578359 0.578255 0.578147 0.578034 0.577917 0.577797 0.577673 0.577548 0.577421
0.579000 0.579079 0.579146 0.579201 0.579243 0.579273 0.579292 0.579299 0.579295 0.579280 0.579254 0.579215 0.579164 0.579101 0.579025 0.578933 0.578826
0.579000 0.579129 0.579253 0.579372 0.579485 0.579593 0.579696 0.579796 0.579893 0.579989 0.580085 0.580184 0.580287 0.580396 0.580513 0.580639 0.580776
0.579000 0.579124 0.579244 0.579355 0.579454 0.579536 0.579598 0.579636 0.579648 0.579633 0.579587 0.579512 0.579409 0.579277 0.579122 0.578945 0.578752
0.579000 0.579174 0.579391 0.579650 0.579947 0.580280 0.580643 0.581029 0.581431 0.581842 0.582251 0.582649 0.583027 0.583374 0.583680 0.583936 0.584133
0.579000 0.578716 0.578445 0.578200 0.577990 0.577826 0.577719 0.577679 0.577712 0.577826 0.578025 0.578316 0.578697 0.579169 0.579730 0.580375 0.581098
0.579000 0.579023 0.578967 0.578830 0.578616 0.578325 0.577964 0.577540 0.577062 0.576540 0.575986 0.575415 0.574839 0.574274 0.573736 0.573240 0.572798
0.579000 0.579427 0.579874 0.580330 0.580781 0.581217 0.581623 0.581988 0.582301 0.582551 0.582731 0.582834 0.582855 0.582793 0.582646 0.582417 0.582111
0.579000 0.578852 0.578751 0.578702 0.578708 0.578769 0.578883 0.579047 0.579256 0.579503 0.579780 0.580076 0.580383 0.580689 0.580984 0.581256 0.581497
0.579000 0.579077 0.579126 0.579156 0.579176 0.579195 0.579222 0.579264 0.579327 0.579417 0.579537 0.579689 0.579872 0.580083 0.580318 0.580570 0.580831
0.579000 0.579105 0.579181 0.579230 0.579253 0.579256 0.579245 0.579229 0.579220 0.579227 0.579264 0.579344 0.579478 0.579676 0.579948 0.580301 0.580738
0.579000 0.579188 0.579352 0.579472 0.579535 0.579527 0.579438 0.579261 0.578993 0.578637 0.578199 0.577689 0.577124 0.576523 0.575910 0.575314 0.574765
0.579000 0.579301 0.579741 0.580294 0.580931 0.581619 0.582323 0.583004 0.583623 0.584138 0.584510 0.584699 0.584667 0.584380 0.583808 0.582926 0.581712
0.579000 0.578106 0.577496 0.577198 0.577236 0.577626 0.578382 0.579509 0.581007 0.582869 0.585081 0.587621 0.590461 0.593567 0.596897 0.600405 0.604039
0.579000 0.576442 0.573727 0.570886 0.567957 0.564978 0.561992 0.559044 0.556177 0.553438 0.550872 0.548524 0.546435 0.544647 0.543193 0.542107 0.541416
0.579000 0.580195 0.581138 0.581810 0.582194 0.582279 0.582055 0.581516 0.580664 0.579500 0.578034 0.576278 0.574250 0.571971 0.569467 0.566767 0.563904
0.579000 0.579100 0.579285 0.579544 0.579866 0.580238 0.580644 0.581071 0.581501 0.581919 0.582308 0.582652 0.582935 0.583143 0.583261 0.583278 0.583181
0.579000 0.577967 0.576937 0.575919 0.574921 0.573949 0.573011 0.572111 0.571254 0.570445 0.569684 0.568974 0.568316 0.567709 0.567152 0.566641 0.566174
0.579000 0.578963 0.578889 0.578778 0.578628 0.578437 0.578207 0.577936 0.577627 0.577278 0.576893 0.576474 0.576021 0.575537 0.575025 0.574488 0.573927
0.579000 0.579618 0.580257 0.580914 0.581584 0.582265 0.582951 0.583638 0.584322 0.584997 0.585659 0.586303 0.586923 0.587515 0.588073 0.588593 0.589069
0.579000 0.577859 0.576715 0.575575 0.574447 0.573337 0.572253 0.571200 0.570185 0.569215 0.568294 0.567428 0.566621 0.565878 0.565203 0.564597 0.564065
0.579000 0.578818 0.578573 0.578264 0.577889 0.577449 0.576945 0.576377 0.575748 0.575062 0.574321 0.573529 0.572693 0.571817 0.570906 0.569969 0.569013
0.579000 0.580927 0.582877 0.584840 0.586804 0.588755 0.590683 0.592573 0.594414 0.596194 0.597900 0.599520 0.601044 0.602459 0.603755 0.604922 0.605952
0.579000 0.578140 0.577356 0.576656 0.576047 0.575536 0.575127 0.574825 0.574635 0.574558 0.574596 0.574750 0.575019 0.575402 0.575896 0.576498 0.577203
0.579000 0.576975 0.574897 0.572775 0.570620 0.568443 0.566255 0.564069 0.561897 0.559752 0.557646 0.555594 0.553607 0.551700 0.549885 0.548175 0.546582
0.579000 0.581840 0.584633 0.587367 0.590026 0.592598 0.595069 0.597427 0.599661 0.601760 0.603715 0.605516 0.607157 0.608630 0.609930 0.611053 0.611995
0.579000 0.579465 0.580001 0.580604 0.581272 0.582000 0.582785 0.583620 0.584499 0.585417 0.586366 0.587339 0.588328 0.589325 0.590321 0.591308 0.592277
0.579000 0.576316 0.573637 0.570976 0.568346 0.565759 0.563230 0.560770 0.558391 0.556104 0.553921 0.551851 0.549904 0.548089 0.546413 0.544885 0.543510
0.579000 0.579993 0.580949 0.581869 0.582752 0.583598 0.584409 0.585185 0.585929 0.586642 0.587328 0.587988 0.588627 0.589248 0.589855 0.590451 0.591041
0.579000 0.579735 0.580463 0.581177 0.581872 0.582541 0.583178 0.583779 0.584336 0.584846 0.585304 0.585704 0.586044 0.586319 0.586526 0.586664 0.586729
0.579000 0.580154 0.581335 0.582541 0.583768 0.585012 0.586269 0.587536 0.588807 0.590078 0.591345 0.592603 0.593848 0.595075 0.596278 0.597455 0.598599
0.579000 0.579138 0.579296 0.579474 0.579674 0.579898 0.580147 0.580420 0.580720 0.581047 0.581401 0.581781 0.582189 0.582623 0.583083 0.583568 0.584077
0.579000 0.578123 0.577256 0.576407 0.575581 0.574784 0.574024 0.573305 0.572634 0.572016 0.571456 0.570959 0.570530 0.570171 0.569887 0.569681 0.569555
