-0.013359
-0.013359
-0.013359
-0.013359
-0.013359
-0.013359
-0.013359
-0.013359
-0.013359
-0.013359
-0.013359
-0.013359
-0.013359
-0.013359
-0.013359
-0.013359
-0.013359
-0.013359
-0.013359
-0.013359
-0.013359
-0.013359
-0.013359
-0.013359
-0.013359
-0.013359
-0.013359
-0.013359
-0.013359
-0.013359
-0.013359
-0.013359
-0.013359
-0.013359
-0.013359
-0.013359
-0.013359
-0.013359
-0.013359
-0.013359
-0.013359
-0.013359
-0.013359
-0.013359
-0.013359
-0.013359
-0.013359
-0.013359
-0.013359
-0.013359
-0.013359
-0.013359
-0.013359
-0.013359
-0.013359
-0.013359
-0.013359
-0.013359
-0.013359
-0.013359
-0.013359
