-0.009830
-0.009830
-0.009830
-0.009830
-0.009830
-0.009830
-0.009830
-0.009830
-0.009830
-0.009830
-0.009830
-0.009830
-0.009830
-0.009830
-0.009830
-0.009830
-0.009830
-0.009830
-0.009830
-0.009830
-0.009830
-0.009830
-0.009830
-0.009830
-0.009830
-0.009830
-0.009830
-0.009830
-0.009830
-0.009830
-0.009830
-0.009830
-0.009830
-0.009830
-0.009830
-0.009830
-0.009830
-0.009830
-0.009830
-0.009830
-0.009830
-0.009830
-0.009830
-0.009830
-0.009830
-0.009830
-0.009830
-0.009830
-0.009830
-0.009830
-0.009830
-0.009830
-0.009830
-0.009830
-0.009830
-0.009830
-0.009830
-0.009830
-0.009830
-0.009830
-0.009830
