-0.011583
-0.011583
-0.011583
-0.011583
-0.011583
-0.011583
-0.011583
-0.011583
-0.011583
-0.011583
-0.011583
-0.011583
-0.011583
-0.011583
-0.011583
-0.011583
-0.011583
-0.011583
-0.011583
-0.011583
-0.011583
-0.011583
-0.011583
-0.011583
-0.011583
-0.011583
-0.011583
-0.011583
-0.011583
-0.011583
-0.011583
-0.011583
-0.011583
-0.011583
-0.011583
-0.011583
-0.011583
-0.011583
-0.011583
-0.011583
-0.011583
-0.011583
-0.011583
-0.011583
-0.011583
-0.011583
-0.011583
-0.011583
-0.011583
-0.011583
-0.011583
-0.011583
-0.011583
-0.011583
-0.011583
-0.011583
-0.011583
-0.011583
-0.011583
-0.011583
-0.011583
