-0.002006
-0.002006
-0.002006
-0.002006
-0.002006
-0.002006
-0.002006
-0.002006
-0.002006
-0.002006
-0.002006
-0.002006
-0.002006
-0.002006
-0.002006
-0.002006
-0.002006
-0.002006
-0.002006
-0.002006
-0.002006
-0.002006
-0.002006
-0.002006
-0.002006
-0.002006
-0.002006
-0.002006
-0.002006
-0.002006
-0.002006
-0.002006
-0.002006
-0.002006
-0.002006
-0.002006
-0.002006
-0.002006
-0.002006
-0.002006
-0.002006
-0.002006
-0.002006
-0.002006
-0.002006
-0.002006
-0.002006
-0.002006
-0.002006
-0.002006
-0.002006
-0.002006
-0.002006
-0.002006
-0.002006
-0.002006
-0.002006
-0.002006
-0.002006
-0.002006
-0.002006
