0.018698
0.018698
0.018698
0.018698
0.018698
0.018698
0.018698
0.018698
0.018698
0.018698
0.018698
0.018698
0.018698
0.018698
0.018698
0.018698
0.018698
0.018698
0.018698
0.018698
0.018698
0.018698
0.018698
0.018698
0.018698
0.018698
0.018698
0.018698
0.018698
0.018698
0.018698
0.018698
0.018698
0.018698
0.018698
0.018698
0.018698
0.018698
0.018698
0.018698
0.018698
0.018698
0.018698
0.018698
0.018698
0.018698
0.018698
0.018698
0.018698
0.018698
0.018698
0.018698
0.018698
0.018698
0.018698
0.018698
0.018698
0.018698
0.018698
0.018698
0.018698
