0.018823
0.018823
0.018823
0.018823
0.018823
0.018823
0.018823
0.018823
0.018823
0.018823
0.018823
0.018823
0.018823
0.018823
0.018823
0.018823
0.018823
0.018823
0.018823
0.018823
0.018823
0.018823
0.018823
0.018823
0.018823
0.018823
0.018823
0.018823
0.018823
0.018823
0.018823
0.018823
0.018823
0.018823
0.018823
0.018823
0.018823
0.018823
0.018823
0.018823
0.018823
0.018823
0.018823
0.018823
0.018823
0.018823
0.018823
0.018823
0.018823
0.018823
0.018823
0.018823
0.018823
0.018823
0.018823
0.018823
0.018823
0.018823
0.018823
0.018823
0.018823
