0.016947
0.016947
0.016947
0.016947
0.016947
0.016947
0.016947
0.016947
0.016947
0.016947
0.016947
0.016947
0.016947
0.016947
0.016947
0.016947
0.016947
0.016947
0.016947
0.016947
0.016947
0.016947
0.016947
0.016947
0.016947
0.016947
0.016947
0.016947
0.016947
0.016947
0.016947
0.016947
0.016947
0.016947
0.016947
0.016947
0.016947
0.016947
0.016947
0.016947
0.016947
0.016947
0.016947
0.016947
0.016947
0.016947
0.016947
0.016947
0.016947
0.016947
0.016947
0.016947
0.016947
0.016947
0.016947
0.016947
0.016947
0.016947
0.016947
0.016947
0.016947
