0.003925
0.003925
0.003925
0.003925
0.003925
0.003925
0.003925
0.003925
0.003925
0.003925
0.003925
0.003925
0.003925
0.003925
0.003925
0.003925
0.003925
0.003925
0.003925
0.003925
0.003925
0.003925
0.003925
0.003925
0.003925
0.003925
0.003925
0.003925
0.003925
0.003925
0.003925
0.003925
0.003925
0.003925
0.003925
0.003925
0.003925
0.003925
0.003925
0.003925
0.003925
0.003925
0.003925
0.003925
0.003925
0.003925
0.003925
0.003925
0.003925
0.003925
0.003925
0.003925
0.003925
0.003925
0.003925
0.003925
0.003925
0.003925
0.003925
0.003925
0.003925
