0.004496
0.004496
0.004496
0.004496
0.004496
0.004496
0.004496
0.004496
0.004496
0.004496
0.004496
0.004496
0.004496
0.004496
0.004496
0.004496
0.004496
0.004496
0.004496
0.004496
0.004496
0.004496
0.004496
0.004496
0.004496
0.004496
0.004496
0.004496
0.004496
0.004496
0.004496
0.004496
0.004496
0.004496
0.004496
0.004496
0.004496
0.004496
0.004496
0.004496
0.004496
0.004496
0.004496
0.004496
0.004496
0.004496
0.004496
0.004496
0.004496
0.004496
0.004496
0.004496
0.004496
0.004496
0.004496
0.004496
0.004496
0.004496
0.004496
0.004496
0.004496
