0.002669
0.002669
0.002669
0.002669
0.002669
0.002669
0.002669
0.002669
0.002669
0.002669
0.002669
0.002669
0.002669
0.002669
0.002669
0.002669
0.002669
0.002669
0.002669
0.002669
0.002669
0.002669
0.002669
0.002669
0.002669
0.002669
0.002669
0.002669
0.002669
0.002669
0.002669
0.002669
0.002669
0.002669
0.002669
0.002669
0.002669
0.002669
0.002669
0.002669
0.002669
0.002669
0.002669
0.002669
0.002669
0.002669
0.002669
0.002669
0.002669
0.002669
0.002669
0.002669
0.002669
0.002669
0.002669
0.002669
0.002669
0.002669
0.002669
0.002669
0.002669
