0.002682
0.002682
0.002682
0.002682
0.002682
0.002682
0.002682
0.002682
0.002682
0.002682
0.002682
0.002682
0.002682
0.002682
0.002682
0.002682
0.002682
0.002682
0.002682
0.002682
0.002682
0.002682
0.002682
0.002682
0.002682
0.002682
0.002682
0.002682
0.002682
0.002682
0.002682
0.002682
0.002682
0.002682
0.002682
0.002682
0.002682
0.002682
0.002682
0.002682
0.002682
0.002682
0.002682
0.002682
0.002682
0.002682
0.002682
0.002682
0.002682
0.002682
0.002682
0.002682
0.002682
0.002682
0.002682
0.002682
0.002682
0.002682
0.002682
0.002682
0.002682
