0.000960
0.000960
0.000960
0.000960
0.000960
0.000960
0.000960
0.000960
0.000960
0.000960
0.000960
0.000960
0.000960
0.000960
0.000960
0.000960
0.000960
0.000960
0.000960
0.000960
0.000960
0.000960
0.000960
0.000960
0.000960
0.000960
0.000960
0.000960
0.000960
0.000960
0.000960
0.000960
0.000960
0.000960
0.000960
0.000960
0.000960
0.000960
0.000960
0.000960
0.000960
0.000960
0.000960
0.000960
0.000960
0.000960
0.000960
0.000960
0.000960
0.000960
0.000960
0.000960
0.000960
0.000960
0.000960
0.000960
0.000960
0.000960
0.000960
0.000960
0.000960
