0.579492
0.579492
0.579492
0.579492
0.579492
0.579492
0.579492
0.579492
0.579492
0.579492
0.579492
0.579492
0.579492
0.579492
0.579492
0.579492
0.579492
0.579492
0.579492
0.579492
0.579492
0.579492
0.579492
0.579492
0.579492
0.579492
0.579492
0.579492
0.579492
0.579492
0.579492
0.579492
0.579492
0.579492
0.579492
0.579492
0.579492
0.579492
0.579492
0.579492
0.579492
0.579492
0.579492
0.579492
0.579492
0.579492
0.579492
0.579492
0.579492
0.579492
0.579492
0.579492
0.579492
0.579492
0.579492
0.579492
0.579492
0.579492
0.579492
0.579492
0.579492
