0.102871
0.106554
0.110132
0.116690
0.123860
0.131842
0.140563
0.150110
0.160565
0.172038
0.184663
0.198569
0.213889
0.230830
0.249555
0.270294
0.293281
0.318774
0.347043
0.378427
0.413171
0.451624
0.494203
0.540973
0.592309
0.648649
0.709629
0.775398
0.846274
0.921559
1.000697
1.083737
1.169882
1.258429
1.348641
1.440338
1.532070
1.624265
1.715810
1.808770
1.884753
2.041924
1.877644
0.494145
0.456855
0.416213
0.380589
0.349245
0.321574
0.296982
0.275026
0.255339
0.237630
0.221616
0.207106
0.193909
0.181892
0.170910
0.160911
0.151640
0.143216
