1.000000
0.996323
0.994931
0.993315
0.992397
0.991376
0.990204
0.988829
0.987232
0.985369
0.983166
0.980575
0.977511
0.973880
0.969554
0.964426
0.958300
0.951004
0.942294
0.931945
0.919603
0.904982
0.887833
0.867649
0.844169
0.817545
0.787060
0.753001
0.716082
0.676128
0.633877
0.590469
0.546639
0.503045
0.460847
0.420334
0.382293
0.347034
0.314503
0.285412
0.256331
0.237637
0.215883
0.604082
0.619617
0.631823
0.640760
0.647967
0.653878
0.658768
0.662836
0.666259
0.669140
0.671583
0.673648
0.675416
0.676927
0.678226
0.679361
0.680350
0.679975
