1.000000
0.994849
0.992911
0.990653
0.989373
0.987947
0.986313
0.984396
0.982170
0.979576
0.976512
0.972909
0.968656
0.963622
0.957632
0.950548
0.942104
0.932075
0.920140
0.906022
0.889259
0.869521
0.846544
0.819676
0.788853
0.754133
0.715117
0.672187
0.626369
0.578097
0.528204
0.478115
0.429215
0.382218
0.338000
0.297067
0.260217
0.227284
0.198033
0.172502
0.150302
0.128407
0.128705
0.577326
0.594495
0.610617
0.622725
0.632551
0.640647
0.647364
0.652967
0.657692
0.661676
0.665060
0.667925
0.670380
0.672481
0.674288
0.675876
0.677091
0.678400
