0.051626
0.029164
0.003653
0.001939
0.000570
0.000503
0.000480
0.000512
0.000503
0.000482
0.000524
0.000577
0.000544
0.000594
0.000595
0.000614
0.000642
0.000674
0.000680
0.000769
0.000761
0.000740
0.000924
0.000834
0.000741
0.001024
0.000917
0.000697
0.000907
0.000955
0.000697
0.000699
0.000719
0.000697
0.000580
0.000702
0.000460
0.000507
0.000412
0.001548
0.005801
0.029090
0.093433
0.024158
0.001873
0.000165
0.000403
0.000495
0.000542
0.000527
0.000509
0.000504
0.000564
0.000556
0.000560
0.000520
0.000524
0.000509
0.000844
0.000559
0.000982
