0.004791
0.001671
0.000932
0.000065
0.000019
0.000006
0.000006
0.000004
0.000006
0.000001
0.000003
0.000002
0.000000
0.000002
0.000009
0.000002
0.000007
0.000006
0.000013
0.000009
0.000008
0.000028
0.000043
0.000005
0.000111
0.000142
0.000030
0.000186
0.000129
0.000131
0.000097
0.000034
0.000125
0.000038
0.000162
0.000060
0.000087
0.000115
0.000077
0.001614
0.007230
0.015022
0.015776
0.005283
0.002318
0.000251
0.000044
0.000002
0.000006
0.000002
0.000012
0.000003
0.000000
0.000010
0.000001
0.000002
0.000003
0.000008
0.000007
0.000028
0.001766
