0.006714
0.002334
0.001305
0.000091
0.000026
0.000008
0.000008
0.000005
0.000008
0.000001
0.000004
0.000003
0.000002
0.000001
0.000017
0.000007
0.000018
0.000017
0.000033
0.000005
0.000039
0.000076
0.000028
0.000084
0.000167
0.000041
0.000037
0.000315
0.000091
0.000094
0.000147
0.000378
0.000068
0.000089
0.000084
0.000495
0.000166
0.000272
0.000037
0.000263
0.000531
0.019660
0.125136
0.000588
0.002661
0.000319
0.000059
0.000004
0.000012
0.000007
0.000013
0.000003
0.000001
0.000014
0.000002
0.000002
0.000005
0.000013
0.000020
0.000191
0.000000
