0.001914
0.000661
0.000373
0.000026
0.000008
0.000003
0.000003
0.000001
0.000002
0.000000
0.000002
0.000002
0.000002
0.000001
0.000008
0.000006
0.000011
0.000012
0.000021
0.000014
0.000031
0.000047
0.000015
0.000089
0.000056
0.000101
0.000067
0.000129
0.000220
0.000038
0.000050
0.000344
0.000193
0.000127
0.000079
0.000435
0.000078
0.000158
0.000114
0.001349
0.007818
0.034169
0.107661
0.004719
0.000343
0.000068
0.000016
0.000002
0.000007
0.000005
0.000001
0.000000
0.000001
0.000004
0.000000
0.000000
0.000002
0.000004
0.000013
0.000219
0.001769
