0.052632
0.029504
0.003840
0.001952
0.000574
0.000504
0.000482
0.000511
0.000502
0.000483
0.000523
0.000576
0.000543
0.000593
0.000591
0.000612
0.000637
0.000668
0.000669
0.000762
0.000745
0.000716
0.000917
0.000789
0.000713
0.000974
0.000883
0.000633
0.000797
0.000937
0.000672
0.000527
0.000622
0.000761
0.000541
0.000485
0.000421
0.000586
0.000469
0.000872
0.001923
0.011356
0.045880
0.021858
0.002044
0.000199
0.000395
0.000494
0.000545
0.000529
0.000509
0.000503
0.000564
0.000558
0.000560
0.000520
0.000523
0.000507
0.000850
0.000450
0.001867
