1.000000
0.998521
0.997970
0.997320
0.996952
0.996542
0.996070
0.995517
0.994873
0.994121
0.993232
0.992183
0.990941
0.989467
0.987704
0.985611
0.983099
0.980096
0.976490
0.972184
0.967004
0.960816
0.953495
0.944709
0.934473
0.922436
0.908593
0.892678
0.874716
0.855012
0.833292
0.809721
0.785190
0.759809
0.733432
0.706740
0.680675
0.654934
0.629670
0.604397
0.586358
0.540352
0.596177
0.955707
0.959455
0.966437
0.971853
0.976208
0.979765
0.982689
0.985111
0.987141
0.988845
0.990287
0.991504
0.992544
0.993432
0.994193
0.994869
0.995209
0.997684
