0.579000 0.581126 0.583276 0.585443 0.587621 0.589802 0.591981 0.594150 0.596302 0.598431 0.600528 0.602588 0.604603 0.606566 0.608471 0.610311 0.612081
0.579000 0.580060 0.581137 0.582227 0.583330 0.584443 0.585565 0.586694 0.587827 0.588962 0.590097 0.591229 0.592357 0.593478 0.594589 0.595689 0.596774
0.579000 0.578995 0.578997 0.579011 0.579039 0.579084 0.579149 0.579237 0.579351 0.579492 0.579665 0.579871 0.580112 0.580390 0.580708 0.581066 0.581467
0.579000 0.578997 0.578994 0.578992 0.578993 0.578999 0.579012 0.579032 0.579063 0.579105 0.579161 0.579232 0.579319 0.579426 0.579552 0.579700 0.579871
0.579000 0.579000 0.579001 0.579001 0.579001 0.579001 0.579002 0.579002 0.579002 0.579003 0.579004 0.579007 0.579010 0.579016 0.579023 0.579033 0.579046
0.579000 0.579000 0.579000 0.579001 0.579001 0.579001 0.579001 0.579000 0.579000 0.579000 0.578999 0.578998 0.578998 0.578998 0.578997 0.578998 0.578999
0.579000 0.578998 0.578996 0.578995 0.578993 0.578992 0.578990 0.578989 0.578988 0.578987 0.578986 0.578986 0.578986 0.578985 0.578985 0.578985 0.578986
0.579000 0.578998 0.578997 0.578995 0.578994 0.578993 0.578993 0.578992 0.578992 0.578992 0.578992 0.578992 0.578993 0.578993 0.578995 0.578996 0.578997
0.579000 0.579000 0.579000 0.578999 0.578999 0.578999 0.578998 0.578998 0.578997 0.578997 0.578996 0.578995 0.578994 0.578994 0.578993 0.578992 0.578991
0.579000 0.579000 0.579000 0.579000 0.578999 0.578998 0.578998 0.578997 0.578995 0.578994 0.578993 0.578992 0.578990 0.578988 0.578987 0.578985 0.578984
0.579000 0.579000 0.579001 0.579001 0.579002 0.579002 0.579003 0.579003 0.579003 0.579004 0.579004 0.579004 0.579004 0.579004 0.579005 0.579005 0.579005
0.579000 0.579002 0.579004 0.579007 0.579009 0.579011 0.579014 0.579016 0.579019 0.579021 0.579023 0.579026 0.579028 0.579030 0.579032 0.579034 0.579036
0.579000 0.579001 0.579003 0.579004 0.579006 0.579007 0.579008 0.579010 0.579011 0.579012 0.579013 0.579014 0.579015 0.579016 0.579017 0.579017 0.579018
0.579000 0.579002 0.579005 0.579007 0.579010 0.579013 0.579016 0.579019 0.579022 0.579025 0.579028 0.579031 0.579034 0.579038 0.579041 0.579045 0.579048
0.579000 0.579002 0.579005 0.579007 0.579009 0.579012 0.579014 0.579016 0.579019 0.579021 0.579024 0.579027 0.579029 0.579032 0.579035 0.579037 0.579040
0.579000 0.579004 0.579008 0.579012 0.579016 0.579020 0.579024 0.579027 0.579031 0.579034 0.579038 0.579041 0.579044 0.579047 0.579051 0.579054 0.579057
0.579000 0.579004 0.579009 0.579013 0.579017 0.579021 0.579026 0.579030 0.579034 0.579038 0.579043 0.579047 0.579051 0.579055 0.579060 0.579064 0.579068
0.579000 0.579006 0.579012 0.579017 0.579023 0.579028 0.579034 0.579039 0.579044 0.579049 0.579055 0.579060 0.579065 0.579071 0.579076 0.579081 0.579087
0.579000 0.579007 0.579014 0.579021 0.579027 0.579033 0.579039 0.579045 0.579050 0.579055 0.579060 0.579065 0.579069 0.579073 0.579077 0.579080 0.579084
0.579000 0.579009 0.579018 0.579028 0.579037 0.579047 0.579057 0.579066 0.579076 0.579086 0.579096 0.579105 0.579115 0.579124 0.579133 0.579141 0.579150
0.579000 0.579007 0.579014 0.579021 0.579028 0.579035 0.579042 0.579049 0.579056 0.579064 0.579072 0.579080 0.579089 0.579099 0.579108 0.579119 0.579130
0.579000 0.579012 0.579024 0.579034 0.579045 0.579054 0.579063 0.579070 0.579077 0.579083 0.579088 0.579093 0.579096 0.579099 0.579100 0.579101 0.579102
0.579000 0.579013 0.579027 0.579042 0.579057 0.579073 0.579090 0.579107 0.579125 0.579142 0.579160 0.579178 0.579195 0.579212 0.579229 0.579244 0.579259
0.579000 0.579006 0.579012 0.579017 0.579023 0.579029 0.579035 0.579042 0.579050 0.579059 0.579069 0.579080 0.579094 0.579108 0.579125 0.579143 0.579164
0.579000 0.579016 0.579030 0.579043 0.579054 0.579063 0.579070 0.579076 0.579079 0.579081 0.579081 0.579079 0.579076 0.579071 0.579066 0.579059 0.579052
0.579000 0.579019 0.579039 0.579061 0.579084 0.579108 0.579133 0.579158 0.579184 0.579210 0.579234 0.579258 0.579281 0.579301 0.579320 0.579336 0.579350
0.579000 0.579000 0.579001 0.579003 0.579006 0.579011 0.579018 0.579027 0.579038 0.579052 0.579069 0.579089 0.579112 0.579138 0.579167 0.579199 0.579232
0.579000 0.579012 0.579022 0.579028 0.579032 0.579033 0.579032 0.579028 0.579023 0.579016 0.579007 0.578999 0.578989 0.578981 0.578973 0.578966 0.578962
0.579000 0.579024 0.579048 0.579074 0.579099 0.579124 0.579148 0.579171 0.579191 0.579209 0.579224 0.579236 0.579244 0.579249 0.579249 0.579246 0.579239
0.579000 0.579000 0.579003 0.579008 0.579018 0.579030 0.579046 0.579065 0.579087 0.579112 0.579139 0.579168 0.579198 0.579230 0.579261 0.579292 0.579322
0.579000 0.578998 0.578995 0.578990 0.578984 0.578978 0.578971 0.578966 0.578962 0.578961 0.578961 0.578965 0.578972 0.578982 0.578996 0.579014 0.579036
0.579000 0.579016 0.579030 0.579042 0.579051 0.579057 0.579060 0.579061 0.579059 0.579054 0.579047 0.579039 0.579029 0.579019 0.579008 0.578998 0.578989
0.579000 0.579009 0.579020 0.579033 0.579048 0.579063 0.579078 0.579093 0.579107 0.579119 0.579130 0.579138 0.579143 0.579146 0.579145 0.579142 0.579136
0.579000 0.578994 0.578991 0.578989 0.578990 0.578993 0.578998 0.579006 0.579017 0.579029 0.579042 0.579057 0.579071 0.579086 0.579100 0.579112 0.579122
0.579000 0.579000 0.578999 0.578997 0.578995 0.578993 0.578992 0.578993 0.578996 0.579000 0.579008 0.579018 0.579031 0.579047 0.579066 0.579087 0.579111
0.579000 0.579003 0.579005 0.579004 0.579002 0.578998 0.578992 0.578985 0.578977 0.578968 0.578960 0.578952 0.578946 0.578942 0.578941 0.578943 0.578949
0.579000 0.579005 0.579010 0.579015 0.579020 0.579023 0.579025 0.579024 0.579021 0.579015 0.579006 0.578994 0.578980 0.578962 0.578942 0.578920 0.578897
0.579000 0.579000 0.579003 0.579007 0.579014 0.579022 0.579033 0.579044 0.579055 0.579067 0.579078 0.579088 0.579096 0.579102 0.579106 0.579109 0.579109
0.579000 0.578993 0.578986 0.578980 0.578976 0.578974 0.578974 0.578976 0.578981 0.578987 0.578994 0.579000 0.579003 0.579001 0.578990 0.578968 0.578930
0.579000 0.578995 0.578988 0.578979 0.578969 0.578960 0.578955 0.578957 0.578970 0.578999 0.579050 0.579129 0.579241 0.579392 0.579589 0.579838 0.580144
0.579000 0.579003 0.579006 0.578996 0.578962 0.578893 0.578778 0.578607 0.578370 0.578059 0.577668 0.577190 0.576622 0.575960 0.575205 0.574356 0.573415
0.579000 0.579000 0.579159 0.579474 0.579942 0.580560 0.581319 0.582211 0.583225 0.584350 0.585573 0.586878 0.588250 0.589672 0.591127 0.592598 0.594067
0.579000 0.577287 0.575580 0.573895 0.572251 0.570663 0.569148 0.567722 0.566399 0.565193 0.564116 0.563179 0.562392 0.561762 0.561295 0.560995 0.560864
0.579000 0.578998 0.578839 0.578523 0.578053 0.577434 0.576669 0.575765 0.574731 0.573576 0.572309 0.570943 0.569489 0.567960 0.566371 0.564734 0.563064
0.579000 0.579000 0.579001 0.578996 0.578980 0.578947 0.578892 0.578809 0.578694 0.578542 0.578348 0.578110 0.577825 0.577491 0.577106 0.576669 0.576182
0.579000 0.578998 0.578997 0.578995 0.578994 0.578991 0.578987 0.578980 0.578969 0.578951 0.578924 0.578887 0.578836 0.578769 0.578683 0.578576 0.578444
0.579000 0.578999 0.578999 0.578998 0.578996 0.578995 0.578993 0.578991 0.578989 0.578985 0.578981 0.578976 0.578969 0.578959 0.578946 0.578929 0.578907
0.579000 0.579001 0.579002 0.579003 0.579004 0.579005 0.579006 0.579006 0.579006 0.579006 0.579005 0.579004 0.579002 0.579000 0.578997 0.578993 0.578988
0.579000 0.579001 0.579001 0.579003 0.579004 0.579005 0.579007 0.579008 0.579010 0.579012 0.579014 0.579016 0.579017 0.579019 0.579021 0.579022 0.579023
0.579000 0.578999 0.578998 0.578997 0.578997 0.578997 0.578997 0.578997 0.578997 0.578998 0.578999 0.579000 0.579002 0.579004 0.579006 0.579009 0.579011
0.579000 0.579000 0.579000 0.578999 0.578999 0.578998 0.578997 0.578996 0.578995 0.578994 0.578994 0.578993 0.578992 0.578992 0.578991 0.578991 0.578991
0.579000 0.579001 0.579002 0.579003 0.579004 0.579004 0.579004 0.579004 0.579004 0.579003 0.579002 0.579001 0.579000 0.578998 0.578997 0.578995 0.578993
0.579000 0.579003 0.579005 0.579008 0.579010 0.579013 0.579015 0.579018 0.579020 0.579022 0.579024 0.579026 0.579027 0.579028 0.579029 0.579030 0.579030
0.579000 0.579001 0.579002 0.579004 0.579006 0.579007 0.579009 0.579011 0.579014 0.579016 0.579018 0.579021 0.579023 0.579025 0.579028 0.579030 0.579032
0.579000 0.579001 0.579001 0.579002 0.579003 0.579005 0.579006 0.579007 0.579009 0.579011 0.579013 0.579015 0.579018 0.579020 0.579023 0.579026 0.579029
0.579000 0.579000 0.579000 0.579000 0.579000 0.579000 0.579000 0.579000 0.579000 0.579000 0.579001 0.579001 0.579002 0.579002 0.579003 0.579004 0.579005
0.579000 0.579001 0.579001 0.579001 0.579002 0.579002 0.579002 0.579002 0.579002 0.579002 0.579002 0.579002 0.579002 0.579002 0.579003 0.579003 0.579004
0.579000 0.579002 0.579003 0.579005 0.579006 0.579007 0.579008 0.579008 0.579008 0.579008 0.579007 0.579005 0.579004 0.579002 0.578999 0.578996 0.578992
0.579000 0.579002 0.579006 0.579011 0.579018 0.579027 0.579037 0.579048 0.579060 0.579074 0.579089 0.579105 0.579122 0.579141 0.579160 0.579179 0.579200
0.579000 0.578997 0.578994 0.578991 0.578989 0.578986 0.578984 0.578982 0.578980 0.578979 0.578977 0.578977 0.578977 0.578977 0.578977 0.578979 0.578980
0.579000 0.578992 0.578982 0.578971 0.578959 0.578945 0.578931 0.578916 0.578900 0.578883 0.578866 0.578848 0.578831 0.578813 0.578795 0.578778 0.578761
