0.098057
0.103916
0.112091
0.117987
0.122881
0.131587
0.140985
0.149066
0.160994
0.172989
0.187815
0.200472
0.211252
0.228972
0.253783
0.269856
0.289531
0.318499
0.345602
0.371901
0.407687
0.448492
0.488560
0.534432
0.592834
0.654198
0.714388
0.783566
0.851245
0.906807
1.000592
1.073927
1.193769
1.246551
1.335315
1.450611
1.566987
1.603214
1.701765
1.770506
1.911012
1.980410
2.027427
0.499261
0.455208
0.412856
0.375833
0.355064
0.319687
0.299847
0.277460
0.259597
0.237981
0.225755
0.205685
0.193461
0.180660
0.172347
0.158970
0.153434
0.146398
