1.000000
1.000000
0.976053
0.976007
0.999451
0.995271
0.988041
0.999999
0.986145
0.982794
0.966261
0.971536
0.983778
0.981259
0.955574
0.959923
0.972461
0.950124
0.947545
0.950319
0.931215
0.913070
0.898056
0.875898
0.846991
0.810379
0.779641
0.748216
0.712775
0.684661
0.633932
0.592951
0.536451
0.506712
0.465050
0.418481
0.375302
0.350290
0.316046
0.289818
0.256499
0.234728
0.216084
0.616824
0.624933
0.637611
0.650307
0.639831
0.655799
0.654878
0.660082
0.655083
0.666025
0.658456
0.674199
0.680270
0.682971
0.674226
0.690135
0.671482
0.653587
