1.000000
0.992195
0.975978
0.976087
0.990522
0.989555
0.982858
0.986320
0.980207
0.974574
0.963521
0.957809
0.979056
0.977038
0.942245
0.953227
0.952092
0.935617
0.921791
0.917959
0.902219
0.874306
0.854850
0.832285
0.785917
0.746692
0.711966
0.662837
0.620993
0.588849
0.528145
0.484586
0.420023
0.386979
0.341497
0.293747
0.253562
0.231360
0.200561
0.176476
0.148792
0.131578
0.116735
0.584488
0.599589
0.615517
0.631790
0.619747
0.645730
0.640842
0.645364
0.644975
0.663274
0.652022
0.674299
0.668767
0.677696
0.666644
0.680955
0.671196
0.678400
