0.001914
0.005678
0.002331
0.002795
0.005896
0.002290
0.001319
0.009239
0.000902
0.002500
0.003958
0.006364
0.004296
0.006296
0.001682
0.007516
0.004125
0.004718
0.003778
0.006428
0.001891
0.003451
0.001699
0.005731
0.007097
0.001212
0.005000
0.007731
0.004201
0.005865
0.000249
0.008944
0.003026
0.005256
0.001137
0.007228
0.007500
0.008630
0.007939
0.006123
0.002958
0.001946
0.003716
0.003829
0.000354
0.001194
0.000352
0.007784
0.004989
0.004190
0.007521
0.002605
0.007103
0.000055
0.008720
0.009525
0.001165
0.005474
0.008200
0.004166
0.042214
