0.002416
0.003682
0.021500
0.013073
0.007342
0.001433
0.003487
0.006448
0.003180
0.006012
0.017601
0.010166
0.011793
0.007461
0.017545
0.001006
0.012153
0.000188
0.003477
0.016488
0.012523
0.006199
0.010506
0.011268
0.001628
0.009589
0.007630
0.011238
0.006786
0.015067
0.000592
0.008359
0.021152
0.008748
0.009307
0.007839
0.023262
0.012460
0.007777
0.019639
0.008050
0.001912
0.021115
0.014054
0.005471
0.008229
0.012100
0.017165
0.005330
0.010179
0.009363
0.017187
0.002039
0.019240
0.006302
0.001794
0.006253
0.008922
0.011228
0.012398
0.023222
