0.004791
0.005368
0.018060
0.017360
0.007126
0.003935
0.002179
0.011292
0.001106
0.002611
0.017197
0.009219
0.006411
0.007579
0.014428
0.004670
0.014770
0.000931
0.005560
0.019725
0.012619
0.008908
0.011558
0.009512
0.003232
0.008625
0.009397
0.006540
0.004490
0.012754
0.000010
0.004170
0.018514
0.007252
0.009284
0.004468
0.018372
0.009497
0.004830
0.017077
0.006580
0.002597
0.016721
0.015699
0.006242
0.008908
0.014854
0.012559
0.002944
0.005902
0.004167
0.016777
0.004655
0.019536
0.000819
0.007189
0.008926
0.005907
0.015865
0.013007
0.040504
