0.006714
0.000340
0.015771
0.014614
0.001188
0.001635
0.003495
0.001949
0.002007
0.005105
0.013307
0.015524
0.010735
0.013923
0.016085
0.002811
0.010584
0.003782
0.001761
0.013170
0.014534
0.005426
0.009839
0.015298
0.003888
0.009826
0.004443
0.014220
0.008672
0.018694
0.000259
0.013152
0.021484
0.012546
0.010431
0.011664
0.025735
0.018209
0.012807
0.023305
0.009519
0.004548
0.020500
0.011810
0.005886
0.007703
0.014497
0.020246
0.007948
0.010067
0.011656
0.019338
0.002415
0.019590
0.009546
0.002404
0.007751
0.011349
0.007535
0.008895
0.000000
