0.003375
0.000828
0.022690
0.014488
0.010273
0.002577
0.002825
0.011048
0.002727
0.004753
0.019613
0.006946
0.009672
0.004341
0.016689
0.002741
0.014192
0.002168
0.005361
0.019654
0.011589
0.007915
0.011347
0.008438
0.001933
0.008977
0.010146
0.007322
0.004669
0.012183
0.000468
0.003934
0.019605
0.006146
0.008744
0.004191
0.019417
0.008208
0.003847
0.016642
0.006558
0.000941
0.019298
0.015944
0.005647
0.008822
0.012274
0.013198
0.002852
0.008061
0.005560
0.015861
0.005591
0.019212
0.001979
0.006560
0.006832
0.006157
0.015290
0.014505
0.044596
