0.998090
0.997861
0.997598
0.997295
0.996945
0.996539
0.996068
0.995518
0.994875
0.994121
0.993233
0.992185
0.990943
0.989468
0.987712
0.985616
0.983110
0.980108
0.976510
0.972198
0.967034
0.960862
0.953510
0.944793
0.934525
0.922529
0.908653
0.892793
0.874909
0.855044
0.833333
0.809999
0.785341
0.759713
0.733490
0.707047
0.680728
0.654831
0.629598
0.605214
0.581810
0.559468
0.538230
0.951218
0.959785
0.966503
0.971868
0.976210
0.979759
0.982684
0.985113
0.987141
0.988845
0.990284
0.991504
0.992544
0.993433
0.994198
0.994857
0.995427
0.995923
