1.000000
0.992195
0.999923
1.000082
0.991066
0.994257
0.994754
0.986321
0.993978
0.991636
0.997164
0.985870
0.995200
0.995698
0.986051
0.993024
0.979054
0.984732
0.972820
0.965948
0.968862
0.957545
0.951889
0.950208
0.927893
0.921411
0.913197
0.885891
0.871233
0.860059
0.833126
0.817244
0.782965
0.763706
0.734324
0.701937
0.675622
0.660482
0.634596
0.608920
0.580089
0.560557
0.540231
0.947576
0.959446
0.965349
0.971526
0.968610
0.984647
0.978567
0.977704
0.984570
0.995869
0.990229
1.000150
0.983090
0.992276
0.988755
0.986699
0.999574
1.037964
