0.102184
0.108248
0.114754
0.116625
0.118256
0.138278
0.139009
0.146401
0.172975
0.172971
0.166067
0.197003
0.218955
0.228848
0.258922
0.273661
0.285752
0.312985
0.349757
0.372523
0.406185
0.459666
0.479877
0.548158
0.595128
0.658859
0.692360
0.784562
0.851964
0.920084
0.998048
1.109652
1.166130
1.264869
1.336395
1.450554
1.514637
1.634706
1.731795
1.826876
1.923566
2.025128
1.927251
0.507585
0.457700
0.402151
0.382620
0.361374
0.319639
0.301967
0.274351
0.243657
0.239432
0.221340
0.197661
0.192449
0.177431
0.175518
0.164695
0.152365
0.141418
