1.000000
1.000236
0.989610
0.977328
0.997885
0.982682
0.977893
0.988071
0.978198
0.975531
0.989448
0.985855
0.975617
0.989664
0.969670
0.956927
0.964589
0.957888
0.940086
0.938757
0.935269
0.899679
0.904279
0.858095
0.840160
0.804863
0.796113
0.748144
0.714830
0.683157
0.634133
0.578762
0.549175
0.497829
0.465699
0.422534
0.386134
0.340515
0.311737
0.281933
0.252604
0.240255
0.212467
0.595417
0.618178
0.629445
0.647217
0.642352
0.650255
0.652263
0.653103
0.674092
0.677713
0.664427
0.683768
0.686495
0.683497
0.681832
0.684803
0.680237
0.674903
