1.000000
0.988514
0.988926
0.979171
0.990626
0.981046
0.979280
0.985069
0.975698
0.966159
0.982798
0.982733
0.968542
0.972211
0.950580
0.942965
0.943199
0.933607
0.922674
0.908106
0.904663
0.860277
0.863234
0.811479
0.792527
0.744503
0.731981
0.667668
0.626041
0.580143
0.525407
0.464667
0.428603
0.379228
0.344185
0.295672
0.262226
0.222472
0.196529
0.168626
0.147176
0.130838
0.123580
0.571111
0.592426
0.612193
0.633345
0.622309
0.641385
0.641679
0.652785
0.660509
0.670286
0.661352
0.682633
0.675565
0.681610
0.681954
0.677626
0.679325
0.678400
