0.006714
0.004049
0.002714
0.011500
0.001293
0.006977
0.007122
0.000679
0.006598
0.013696
0.006434
0.010094
0.000120
0.008914
0.007382
0.007984
0.001144
0.001626
0.002720
0.002295
0.017281
0.010707
0.019744
0.010083
0.004490
0.012729
0.023544
0.007036
0.000615
0.003633
0.005442
0.028494
0.001493
0.007734
0.018385
0.005189
0.007552
0.020905
0.007556
0.022214
0.020279
0.001105
0.080333
0.011346
0.006131
0.002261
0.016995
0.016195
0.001165
0.008773
0.000292
0.004281
0.013013
0.005562
0.022023
0.007736
0.013570
0.011356
0.002609
0.003109
0.000000
