0.045610
0.040494
0.046662
0.003686
0.046731
0.050294
0.007922
0.023505
0.079225
0.004023
0.100209
0.004991
0.025174
0.011566
0.034253
0.012973
0.027669
0.020236
0.011069
0.017304
0.016038
0.016089
0.027531
0.014600
0.010218
0.018145
0.017660
0.012320
0.008144
0.004062
0.004825
0.020104
0.005602
0.007176
0.004739
0.002592
0.012103
0.005793
0.010401
0.005616
0.015390
0.006952
0.032684
0.006570
0.000780
0.030908
0.009203
0.031305
0.002134
0.017885
0.005322
0.048802
0.008250
0.001871
0.041782
0.011258
0.022145
0.030571
0.021627
0.006974
0.007001
