0.001914
0.009601
0.001715
0.004604
0.004232
0.001803
0.005372
0.001450
0.002583
0.003750
0.000047
0.004685
0.001821
0.007178
0.007492
0.000210
0.005376
0.005567
0.005087
0.004987
0.000250
0.004847
0.001155
0.000933
0.009395
0.002685
0.011874
0.000403
0.001006
0.006825
0.005748
0.008810
0.006229
0.002700
0.007610
0.010307
0.002384
0.002274
0.001325
0.011744
0.001416
0.026613
0.080654
0.008370
0.001503
0.006300
0.006893
0.007593
0.006737
0.001108
0.014618
0.007387
0.000199
0.005139
0.006895
0.008530
0.003831
0.006017
0.005365
0.003248
0.009297
