0.044611
0.045525
0.045765
0.001383
0.044708
0.049348
0.010576
0.024212
0.077834
0.005911
0.100230
0.007313
0.024242
0.007999
0.038149
0.013079
0.025045
0.017498
0.008507
0.014844
0.016161
0.018561
0.028092
0.014126
0.005506
0.016782
0.023441
0.012524
0.007638
0.000646
0.001952
0.024628
0.002491
0.005819
0.008505
0.007800
0.010923
0.006939
0.009732
0.011574
0.014672
0.020625
0.069482
0.002384
0.000028
0.033946
0.005742
0.035243
0.005479
0.017321
0.001946
0.045269
0.008150
0.000693
0.045068
0.007014
0.024013
0.027485
0.024378
0.005342
0.011585
