0.004791
0.005606
0.004421
0.016030
0.005548
0.008764
0.012427
0.000770
0.009157
0.009983
0.006387
0.005383
0.001937
0.016209
0.000111
0.007776
0.006555
0.007234
0.002355
0.007318
0.017027
0.005888
0.018568
0.011006
0.004860
0.015372
0.011532
0.006635
0.001620
0.010530
0.000308
0.019859
0.004765
0.010406
0.010693
0.005172
0.009959
0.018674
0.008869
0.010595
0.021664
0.026205
0.000297
0.019552
0.004635
0.004013
0.010032
0.008668
0.005535
0.009871
0.014695
0.011754
0.012812
0.010646
0.015025
0.016406
0.009702
0.005307
0.008017
0.000138
0.009212
