1.000000
0.988280
0.999309
1.001886
0.992725
0.998336
1.001419
0.996962
0.997445
0.990393
0.993280
0.996833
0.992747
0.982366
0.980312
0.985409
0.977825
0.974651
0.981478
0.967349
0.967276
0.956204
0.954611
0.945675
0.943305
0.925006
0.919443
0.892432
0.875789
0.849209
0.828543
0.802863
0.780450
0.761764
0.739072
0.699759
0.679105
0.653342
0.630432
0.598106
0.582634
0.544579
0.581641
0.959179
0.958342
0.972591
0.978568
0.968797
0.986359
0.983773
0.999513
0.979849
0.989041
0.995372
0.998340
0.984078
0.997239
1.000180
0.989520
0.998660
1.005182
