0.579000 0.580789 0.582589 0.584397 0.586211 0.588030 0.589851 0.591674 0.593497 0.595319 0.597138 0.598956 0.600770 0.602581 0.604390 0.606195 0.607998
0.579000 0.580678 0.582369 0.584068 0.585773 0.587480 0.589185 0.590886 0.592580 0.594262 0.595931 0.597584 0.599218 0.600830 0.602418 0.603979 0.605513
0.579000 0.580568 0.582149 0.583740 0.585335 0.586930 0.588519 0.590099 0.591663 0.593206 0.594724 0.596212 0.597665 0.599078 0.600445 0.601764 0.603029
0.579000 0.578233 0.577480 0.576745 0.576037 0.575360 0.574722 0.574127 0.573581 0.573089 0.572656 0.572286 0.571985 0.571755 0.571599 0.571522 0.571526
0.579000 0.577318 0.575628 0.573936 0.572248 0.570570 0.568908 0.567271 0.565664 0.564093 0.562568 0.561093 0.559675 0.558323 0.557042 0.555839 0.554721
0.579000 0.580723 0.582442 0.584152 0.585844 0.587513 0.589152 0.590754 0.592312 0.593820 0.595271 0.596660 0.597982 0.599229 0.600398 0.601484 0.602482
0.579000 0.578020 0.577053 0.576103 0.575175 0.574272 0.573400 0.572561 0.571759 0.570997 0.570278 0.569605 0.568980 0.568404 0.567879 0.567405 0.566984
0.579000 0.578274 0.577501 0.576684 0.575827 0.574937 0.574017 0.573074 0.572114 0.571144 0.570170 0.569200 0.568241 0.567300 0.566386 0.565505 0.564666
0.579000 0.582036 0.585074 0.588096 0.591086 0.594028 0.596904 0.599699 0.602398 0.604984 0.607444 0.609764 0.611931 0.613932 0.615756 0.617392 0.618832
0.579000 0.578122 0.577338 0.576650 0.576058 0.575560 0.575155 0.574840 0.574612 0.574466 0.574396 0.574398 0.574465 0.574590 0.574764 0.574981 0.575231
0.579000 0.575028 0.571041 0.567059 0.563100 0.559184 0.555330 0.551557 0.547883 0.544325 0.540902 0.537628 0.534521 0.531595 0.528864 0.526341 0.524038
0.579000 0.579596 0.580107 0.580533 0.580873 0.581126 0.581294 0.581377 0.581379 0.581301 0.581147 0.580923 0.580631 0.580279 0.579871 0.579414 0.578915
0.579000 0.580083 0.581169 0.582248 0.583313 0.584354 0.585365 0.586336 0.587261 0.588131 0.588938 0.589677 0.590340 0.590922 0.591416 0.591818 0.592122
0.579000 0.579043 0.579099 0.579169 0.579254 0.579352 0.579466 0.579594 0.579736 0.579892 0.580061 0.580241 0.580433 0.580634 0.580844 0.581060 0.581282
0.579000 0.580319 0.581641 0.582962 0.584280 0.585589 0.586888 0.588172 0.589439 0.590686 0.591908 0.593104 0.594271 0.595405 0.596505 0.597569 0.598592
0.579000 0.578994 0.579022 0.579080 0.579169 0.579286 0.579429 0.579595 0.579782 0.579988 0.580208 0.580440 0.580680 0.580925 0.581172 0.581415 0.581653
0.579000 0.577874 0.576766 0.575683 0.574632 0.573618 0.572647 0.571725 0.570857 0.570048 0.569302 0.568625 0.568020 0.567490 0.567038 0.566668 0.566380
0.579000 0.578666 0.578299 0.577900 0.577471 0.577014 0.576532 0.576029 0.575506 0.574967 0.574416 0.573858 0.573295 0.572733 0.572176 0.571628 0.571094
0.579000 0.579478 0.579947 0.580404 0.580845 0.581266 0.581664 0.582035 0.582377 0.582686 0.582960 0.583195 0.583390 0.583543 0.583652 0.583715 0.583731
0.579000 0.578490 0.577994 0.577513 0.577049 0.576601 0.576171 0.575759 0.575365 0.574989 0.574631 0.574291 0.573970 0.573665 0.573378 0.573107 0.572852
0.579000 0.579118 0.579222 0.579311 0.579386 0.579445 0.579488 0.579516 0.579529 0.579526 0.579508 0.579476 0.579429 0.579369 0.579297 0.579213 0.579118
0.579000 0.579238 0.579501 0.579786 0.580093 0.580419 0.580762 0.581120 0.581491 0.581871 0.582258 0.582648 0.583040 0.583429 0.583813 0.584189 0.584552
0.579000 0.578501 0.578004 0.577513 0.577033 0.576567 0.576118 0.575690 0.575287 0.574910 0.574564 0.574250 0.573970 0.573726 0.573520 0.573351 0.573221
0.579000 0.579344 0.579651 0.579921 0.580153 0.580349 0.580509 0.580635 0.580730 0.580795 0.580833 0.580847 0.580841 0.580819 0.580783 0.580739 0.580690
0.579000 0.579253 0.579513 0.579775 0.580036 0.580292 0.580539 0.580774 0.580993 0.581192 0.581368 0.581517 0.581637 0.581725 0.581778 0.581796 0.581776
0.579000 0.578913 0.578842 0.578791 0.578761 0.578753 0.578768 0.578808 0.578873 0.578962 0.579074 0.579209 0.579364 0.579538 0.579729 0.579933 0.580147
0.579000 0.578857 0.578686 0.578488 0.578266 0.578022 0.577762 0.577487 0.577203 0.576912 0.576620 0.576329 0.576045 0.575770 0.575509 0.575265 0.575040
0.579000 0.579402 0.579788 0.580153 0.580494 0.580806 0.581088 0.581335 0.581546 0.581721 0.581858 0.581958 0.582021 0.582049 0.582044 0.582008 0.581946
0.579000 0.579123 0.579281 0.579471 0.579689 0.579929 0.580188 0.580459 0.580736 0.581014 0.581286 0.581546 0.581789 0.582008 0.582198 0.582355 0.582472
0.579000 0.578905 0.578842 0.578815 0.578829 0.578885 0.578986 0.579133 0.579328 0.579569 0.579857 0.580190 0.580566 0.580981 0.581431 0.581914 0.582422
0.579000 0.578796 0.578576 0.578343 0.578101 0.577853 0.577605 0.577360 0.577124 0.576900 0.576694 0.576511 0.576355 0.576231 0.576143 0.576094 0.576089
0.579000 0.579068 0.579126 0.579174 0.579209 0.579233 0.579244 0.579241 0.579224 0.579193 0.579149 0.579091 0.579019 0.578935 0.578838 0.578731 0.578615
0.579000 0.578920 0.578833 0.578740 0.578645 0.578550 0.578457 0.578370 0.578291 0.578222 0.578167 0.578126 0.578102 0.578097 0.578112 0.578147 0.578204
0.579000 0.579153 0.579271 0.579350 0.579388 0.579383 0.579332 0.579236 0.579096 0.578913 0.578691 0.578433 0.578143 0.577828 0.577493 0.577145 0.576791
0.579000 0.579224 0.579488 0.579783 0.580101 0.580431 0.580764 0.581088 0.581394 0.581671 0.581911 0.582103 0.582240 0.582316 0.582323 0.582259 0.582120
0.579000 0.578791 0.578646 0.578568 0.578562 0.578631 0.578774 0.578991 0.579279 0.579633 0.580045 0.580509 0.581014 0.581549 0.582102 0.582658 0.583205
0.579000 0.578642 0.578269 0.577889 0.577515 0.577158 0.576828 0.576538 0.576298 0.576122 0.576018 0.575998 0.576069 0.576239 0.576514 0.576898 0.577393
0.579000 0.578851 0.578654 0.578406 0.578105 0.577750 0.577340 0.576878 0.576364 0.575804 0.575202 0.574565 0.573902 0.573222 0.572535 0.571852 0.571187
0.579000 0.579078 0.579165 0.579260 0.579361 0.579465 0.579569 0.579668 0.579760 0.579838 0.579898 0.579933 0.579939 0.579908 0.579835 0.579713 0.579537
0.579000 0.578844 0.578655 0.578435 0.578187 0.577918 0.577632 0.577338 0.577042 0.576755 0.576484 0.576242 0.576036 0.575879 0.575779 0.575746 0.575788
0.579000 0.579391 0.579771 0.580122 0.580425 0.580661 0.580812 0.580862 0.580795 0.580598 0.580259 0.579769 0.579119 0.578307 0.577328 0.576185 0.574880
0.579000 0.578935 0.579074 0.579419 0.579967 0.580714 0.581652 0.582771 0.584058 0.585496 0.587066 0.588749 0.590521 0.592358 0.594234 0.596123 0.597998
0.579000 0.577332 0.575630 0.573913 0.572205 0.570527 0.568900 0.567347 0.565888 0.564542 0.563328 0.562264 0.561363 0.560639 0.560103 0.559762 0.559623
0.579000 0.579596 0.580052 0.580361 0.580520 0.580523 0.580370 0.580061 0.579598 0.578984 0.578225 0.577328 0.576302 0.575156 0.573901 0.572551 0.571117
0.579000 0.578396 0.577856 0.577380 0.576967 0.576613 0.576316 0.576073 0.575879 0.575731 0.575623 0.575552 0.575512 0.575499 0.575507 0.575533 0.575572
0.579000 0.577916 0.576772 0.575576 0.574334 0.573054 0.571743 0.570408 0.569058 0.567699 0.566340 0.564987 0.563648 0.562330 0.561039 0.559783 0.558567
0.579000 0.580209 0.581375 0.582492 0.583552 0.584547 0.585472 0.586320 0.587087 0.587769 0.588360 0.588858 0.589261 0.589566 0.589773 0.589880 0.589888
0.579000 0.579532 0.580118 0.580756 0.581443 0.582174 0.582945 0.583752 0.584590 0.585452 0.586334 0.587227 0.588127 0.589026 0.589917 0.590793 0.591647
0.579000 0.578571 0.578143 0.577720 0.577305 0.576903 0.576518 0.576152 0.575810 0.575495 0.575210 0.574958 0.574741 0.574563 0.574424 0.574327 0.574272
0.579000 0.579470 0.579924 0.580357 0.580769 0.581155 0.581514 0.581843 0.582141 0.582406 0.582636 0.582830 0.582988 0.583108 0.583190 0.583234 0.583239
0.579000 0.578403 0.577833 0.577292 0.576780 0.576300 0.575852 0.575438 0.575058 0.574712 0.574401 0.574123 0.573880 0.573671 0.573494 0.573349 0.573234
0.579000 0.577469 0.575936 0.574408 0.572887 0.571378 0.569887 0.568418 0.566975 0.565564 0.564188 0.562852 0.561562 0.560320 0.559132 0.558001 0.556932
0.579000 0.580000 0.580984 0.581949 0.582889 0.583800 0.584679 0.585521 0.586323 0.587082 0.587793 0.588456 0.589066 0.589623 0.590124 0.590568 0.590953
0.579000 0.578662 0.578329 0.578002 0.577678 0.577357 0.577037 0.576718 0.576397 0.576074 0.575746 0.575413 0.575073 0.574725 0.574366 0.573996 0.573614
0.579000 0.577897 0.576793 0.575692 0.574596 0.573509 0.572434 0.571374 0.570330 0.569306 0.568304 0.567326 0.566374 0.565450 0.564554 0.563689 0.562856
0.579000 0.579008 0.579027 0.579060 0.579109 0.579176 0.579262 0.579371 0.579502 0.579659 0.579843 0.580055 0.580297 0.580569 0.580872 0.581208 0.581576
0.579000 0.578687 0.578344 0.577971 0.577572 0.577145 0.576695 0.576222 0.575729 0.575218 0.574691 0.574153 0.573604 0.573049 0.572491 0.571933 0.571378
0.579000 0.580641 0.582258 0.583844 0.585396 0.586906 0.588371 0.589784 0.591142 0.592440 0.593674 0.594841 0.595937 0.596959 0.597905 0.598773 0.599561
0.579000 0.579934 0.580910 0.581922 0.582966 0.584036 0.585128 0.586236 0.587354 0.588476 0.589597 0.590710 0.591810 0.592890 0.593946 0.594971 0.595959
0.579000 0.579006 0.579030 0.579076 0.579146 0.579244 0.579372 0.579532 0.579726 0.579957 0.580225 0.580531 0.580877 0.581263 0.581688 0.582154 0.582659
0.579000 0.578077 0.577150 0.576229 0.575326 0.574451 0.573615 0.572828 0.572099 0.571438 0.570853 0.570353 0.569944 0.569635 0.569431 0.569337 0.569359
